-0.281399 0.578298 0.700379 -0.306883 0.701123 -0.570692 
-0.281337 0.333382 0.844901 -0.306937 0.843228 -0.325943 
-0.278205 0.762180 0.498529 0.310479 -0.500155 0.753534 
-0.281356 0.056025 0.906572 -0.306925 0.902689 -0.049476 
-0.251668 0.867758 0.327832 0.331722 -0.312297 0.849350 
-0.281427 -0.226639 0.879552 -0.306869 0.873848 0.231709 
-0.183361 0.931799 0.239829 0.370909 -0.201616 0.879021 
-0.281448 -0.487280 0.766500 -0.306849 0.759506 0.490351 
-0.078900 0.974747 0.190045 0.402890 -0.155996 0.882458 
-0.281439 -0.700320 0.578386 -0.306855 0.570796 0.701065 
0.039382 0.988657 0.138303 0.408025 -0.132166 0.885158 
0.281472 0.844732 -0.333761 -0.306829 0.326310 0.843113 
0.281465 -0.487226 0.766523 0.306833 0.759527 0.490310 
0.281517 0.906499 -0.056537 -0.306791 0.049923 0.902675 
0.281429 -0.226635 0.879556 0.306864 0.873849 0.231698 
0.281499 0.879592 0.226409 -0.306803 -0.231506 0.873903 
0.281414 0.056209 0.906548 0.306872 0.902670 -0.049633 
0.281474 0.766541 0.487213 -0.306822 -0.490278 0.759560 
0.281458 0.333723 0.844743 0.306834 0.843105 -0.326258 
0.281482 0.578486 0.700221 0.306816 0.700983 -0.570890 
-0.323342 0.467778 0.722010 -0.450168 0.671697 -0.564413 
-0.323258 0.221605 0.831323 -0.450227 0.813279 -0.329075 
-0.319605 0.665214 0.551752 0.454145 -0.472488 0.738136 
-0.323291 -0.046073 0.859114 -0.450209 0.875174 -0.061711 
-0.286249 0.798947 0.398505 0.478013 -0.283136 0.821503 
-0.323391 -0.309085 0.802858 -0.450143 0.851473 0.211588 
-0.201375 0.899392 0.300664 0.521688 -0.171923 0.832370 
-0.323418 -0.541998 0.668075 -0.450123 0.744444 0.464311 
-0.075629 0.970105 0.211379 0.555478 -0.134720 0.819889 
0.323406 0.721943 -0.467874 -0.450128 0.564519 0.671641 
0.059068 0.990597 0.100072 0.557517 -0.117551 0.821240 
0.323457 0.831144 -0.221976 -0.450095 0.329435 0.813194 
0.323441 -0.541946 0.668095 0.450105 0.744469 0.464276 
0.323518 0.859030 0.045592 -0.450052 0.062130 0.875198 
0.323394 -0.309084 0.802863 0.450139 0.851475 0.211579 
0.323488 0.802886 0.308876 -0.450070 -0.211407 0.851541 
0.323371 -0.045906 0.859086 0.450153 0.875174 -0.061851 
0.323455 0.668114 0.541937 -0.450091 -0.464246 0.744500 
0.323431 0.221930 0.831161 0.450108 0.813194 -0.329380 
0.323467 0.467964 0.721852 0.450084 0.671578 -0.564611 
-0.273663 0.160884 0.775516 -0.713195 0.440736 -0.524489 
-0.273540 -0.086750 0.787376 -0.713262 0.581230 -0.362462 
-0.272125 0.393174 0.692604 0.715887 -0.260828 0.628642 
-0.273625 -0.325743 0.722016 -0.713221 0.664816 -0.165188 
-0.247555 0.601564 0.582146 0.734182 -0.092675 0.643272 
-0.273716 -0.532792 0.586000 -0.713171 0.683397 0.048246 
-0.181362 0.798376 0.452408 0.769944 -0.009003 0.579159 
-0.273747 -0.687759 0.392684 -0.713155 0.635079 0.257042 
-0.098089 0.944708 0.252512 0.796359 0.001231 0.514083 
0.273722 0.775470 -0.160921 -0.713165 0.524538 0.440719 
0.032697 0.996823 0.028405 0.802756 -0.074510 0.490480 
0.273781 0.787205 0.086538 0.713130 -0.362750 -0.581241 
0.273781 -0.687721 0.392694 0.713137 0.635114 0.257020 
0.273855 0.721893 0.325475 -0.713086 0.165479 0.664928 
0.273718 -0.532797 0.586006 0.713173 0.683395 0.048248 
0.273823 0.585991 0.532667 -0.713105 -0.048123 0.683499 
0.273697 -0.325659 0.721980 0.713187 0.664854 -0.165276 
0.273782 0.392699 0.687733 0.713129 0.257011 -0.635125 
0.273785 -0.086537 0.787212 0.713144 0.581248 -0.362739 
0.273814 0.160977 0.775396 0.713119 0.440692 -0.524643 
0.463627 0.428518 0.775514 0.394467 0.354674 0.847704 
0.586545 0.355778 0.727590 0.441181 0.137083 0.886887 
0.070299 0.325811 0.942818 0.042561 0.299536 0.953135 
0.589743 0.120413 0.798563 -0.444598 0.138523 -0.884954 
0.487351 0.805774 0.336477 0.484612 0.805478 0.341111 
0.589686 -0.132387 0.796708 -0.444559 0.405269 -0.798827 
0.317177 0.895308 0.312766 0.456596 0.881526 0.120130 
0.589699 -0.372075 0.716810 -0.444539 0.632312 -0.634481 
0.204642 0.967267 0.150054 0.538380 0.795733 -0.277411 
0.589752 -0.575256 0.566809 -0.444556 0.797412 -0.408050 
0.023734 0.998730 0.028710 0.696876 0.170350 -0.696667 
0.589770 -0.722225 0.361334 -0.444578 0.884462 -0.141695 
-0.131371 0.983351 -0.125553 0.657641 -0.513778 -0.550945 
-0.589758 0.798548 -0.120444 -0.444566 0.884962 0.138572 
-0.286213 0.923781 -0.254383 0.697069 -0.493824 -0.519839 
-0.589777 0.796677 0.132171 0.444557 -0.798826 -0.405273 
-0.330768 -0.295769 0.896166 0.250442 0.391595 -0.885399 
-0.589816 0.716859 0.371794 -0.444576 0.634507 0.632260 
-0.330808 -0.004317 0.943688 0.250458 0.098810 -0.963072 
-0.589797 0.566860 0.575160 -0.444592 0.408089 0.797372 
0.506960 0.424074 0.750435 0.288153 0.267079 0.919585 
0.512306 0.176774 0.840412 -0.292887 0.026095 -0.955791 
0.319549 0.554542 0.768357 0.224909 0.503152 0.834418 
0.512212 -0.091696 0.853950 -0.292834 0.320224 -0.900947 
0.276856 0.753324 0.596534 0.204810 0.728993 0.653163 
0.512231 -0.351066 0.783818 -0.292807 0.582981 -0.757890 
0.180730 0.891542 0.415318 0.181148 0.891612 0.414985 
0.512322 -0.575985 0.636999 -0.292830 0.788633 -0.540656 
0.104474 0.963241 0.175788 0.250686 0.966085 0.061932 
0.512351 -0.744606 0.427854 -0.292860 0.917090 -0.270517 
-0.040309 0.996890 -0.022079 0.250727 -0.957947 -0.139544 
-0.512331 0.840392 -0.176798 -0.292844 0.955803 0.026134 
-0.324610 -0.764365 0.557113 0.229499 0.831574 -0.505782 
-0.512362 0.853880 0.091512 0.292830 -0.900947 -0.320225 
-0.324558 -0.554844 0.766035 0.229468 0.634602 -0.737987 
-0.512430 0.783803 0.350810 -0.292859 0.757904 0.582937 
-0.324542 -0.290985 0.900000 0.229528 0.375442 -0.897976 
-0.512397 0.637024 0.575890 -0.292880 0.540683 0.788596 
-0.324588 0.001413 0.945854 0.229545 0.079562 -0.970041 
-0.512355 0.427857 0.744601 0.292855 -0.270513 -0.917093 
-0.666155 0.689385 0.284578 0.420359 -0.382101 0.822980 
0.702935 -0.694301 -0.154364 -0.262412 0.016469 0.964815 
-0.595829 0.752798 0.279789 0.529600 -0.263735 0.806206 
0.702912 -0.613156 -0.360491 -0.295522 -0.243324 0.923829 
-0.374578 0.717332 0.283729 0.514043 -0.088200 0.716525 
0.702934 -0.470980 -0.532974 -0.262219 -0.553989 0.790151 
-0.297349 0.844765 0.189819 0.603426 -0.039317 0.701670 
0.667505 0.051784 -0.742802 -0.414639 0.904304 0.101535 
-0.133798 0.966193 0.118491 0.658925 -0.042545 0.678164 
0.699675 0.063398 -0.711643 -0.271153 0.935845 0.225100 
0.026366 0.998627 -0.026017 0.667987 0.011530 0.675610 
0.702583 0.225904 -0.674793 -0.108911 0.925911 0.361701 
0.185354 0.967657 -0.171124 0.692564 0.088978 0.715848 
0.701111 0.451298 -0.552063 -0.189129 0.703896 0.684661 
0.336832 0.896389 -0.288149 0.649835 0.116588 0.751081 
0.703221 0.558739 -0.439648 -0.026371 0.608454 0.793151 
0.702346 0.567886 0.429204 0.125239 0.641834 -0.756548 
0.701545 0.687026 -0.189288 -0.185251 0.171236 0.967657 
0.699184 0.655018 0.286518 0.288294 0.517285 -0.805793 
0.703223 0.710439 -0.027457 -0.026279 0.026143 0.999313 
0.729619 -0.680474 0.067905 -0.371391 0.273388 0.887315 
0.642646 -0.747367 -0.168667 -0.286238 -0.006451 0.958137 
-0.594608 0.779184 0.198276 0.452025 -0.330322 0.828589 
0.729674 -0.590068 -0.345537 -0.368501 -0.303894 0.878553 
-0.468762 0.838833 0.276806 -0.152022 0.667730 0.699576 
0.642645 -0.505505 -0.575737 -0.286066 -0.568618 0.771259 
0.601818 -0.305462 0.469174 -0.222821 0.811677 0.423507 
0.641301 -0.319144 -0.697768 -0.337307 -0.721323 0.604910 
-0.186441 0.972701 0.138173 -0.102020 0.956166 0.238511 
0.644130 0.127541 -0.754208 -0.211555 0.930497 0.299031 
0.488681 -0.049382 0.574695 0.055346 0.988663 0.117564 
0.488708 0.224673 -0.531296 -0.055014 0.904176 0.416994 
0.644139 0.111929 0.756675 0.160396 0.961144 -0.061281 
0.609475 0.397856 -0.399477 -0.119224 0.665594 0.713696 
0.646300 0.441236 0.622580 -0.083967 0.777851 -0.622814 
0.489880 0.480318 -0.321473 0.025996 0.569298 0.821013 
0.610344 0.414367 0.381674 0.058262 0.685978 -0.719704 
0.644821 0.715603 -0.268548 -0.130598 0.100143 0.970390 
0.488721 0.531228 0.224893 -0.055152 -0.417133 0.904083 
0.609914 0.564337 -0.000146 0.000096 0.000091 1.000000 
0.984508 -0.163565 0.057095 -0.082905 -0.118074 0.827696 
0.987909 0.155037 -0.000128 -0.023554 0.150898 0.976110 
0.984163 -0.149690 0.090519 -0.083779 0.057198 0.834244 
0.987906 0.155056 -0.000128 0.000128 0.000013 1.000000 
0.985426 -0.166819 0.025922 -0.069020 -0.220088 0.864510 
0.986459 0.163647 -0.005183 -0.053294 0.328359 0.877705 
0.985098 -0.118346 0.122468 -0.072963 0.325886 0.816106 
0.987426 0.141284 0.070736 -0.031773 -0.257656 0.943806 
0.984222 -0.174026 -0.015205 -0.083196 -0.445724 0.710890 
0.987906 0.125444 -0.091140 -0.008066 0.627763 0.776619 
0.987808 0.138614 0.070814 0.016026 -0.539177 0.835573 
0.985792 -0.080515 0.146050 -0.064742 0.578393 0.697575 
0.984529 -0.165727 -0.050116 -0.082737 -0.583057 0.601197 
0.987906 0.125443 -0.091139 -0.023682 0.695805 0.700997 
0.985168 -0.054935 0.161047 -0.075813 0.620654 0.604033 
0.988186 0.105120 0.111525 0.004582 0.707294 -0.706289 
0.985425 -0.150204 -0.077075 -0.069086 -0.686347 0.570170 
0.987807 0.070764 -0.138646 0.016084 0.835577 0.539166 
0.987872 0.106385 0.113082 -0.011320 0.773632 -0.629254 
0.986085 -0.034145 0.162085 -0.059805 0.777579 0.493365 
0.984292 -0.131088 -0.114897 -0.082575 -0.781117 0.314054 
0.987428 0.070685 -0.141299 -0.031715 0.943815 0.257650 
0.987806 -0.024392 0.153745 -0.016159 0.961385 0.254583 
0.985040 -0.013369 0.170538 0.073857 0.821067 -0.303140 
0.983411 -0.097006 -0.149229 0.091949 0.797251 -0.056523 
0.987430 -0.023476 0.156221 0.031638 0.977056 -0.046618 
-0.357745 0.640526 -0.679518 0.269640 -0.446976 0.852940 
-0.130242 0.640510 -0.756825 -0.007167 -0.446918 0.894546 
-0.550734 0.651059 -0.522316 0.474387 -0.287669 0.831988 
0.205775 0.817477 -0.516738 -0.006470 -0.022822 0.879423 
0.355250 0.817738 -0.427238 -0.278041 -0.023237 0.834449 
0.036090 0.817544 -0.554883 0.265585 -0.022871 0.838365 
0.354410 0.781007 -0.059776 -0.136608 -0.295563 0.940157 
0.355655 0.781009 0.052308 -0.420400 -0.295429 0.851982 
0.318577 0.781036 -0.166458 0.160548 -0.295671 0.936350 
0.109925 0.640586 -0.759978 -0.283187 -0.446994 0.848529 
0.685184 -0.651058 0.326567 0.708271 -0.287697 0.644656 
0.470297 0.817357 -0.297275 -0.521977 -0.022476 0.707581 
0.137109 -0.817557 0.538833 0.511639 -0.022831 0.715223 
0.363284 0.466121 0.517769 -0.399872 -0.504371 0.764474 
0.321829 0.781065 0.160044 -0.663166 -0.295741 0.680220 
0.251579 0.781042 -0.256717 0.442077 -0.295585 0.840896 
0.167815 0.453825 0.627445 0.617742 0.508336 -0.597223 
0.504233 0.481125 0.337463 -0.138031 -0.498912 0.855435 
-0.038659 0.450314 0.649887 0.771219 0.508381 -0.375894 
0.570210 0.490500 0.133562 0.137355 -0.495534 0.857643 
0.339655 0.640368 -0.688886 -0.531554 -0.446974 0.719489 
0.752568 -0.651052 0.098857 0.872817 -0.287665 0.394257 
0.538927 0.817543 -0.137181 -0.715333 -0.022983 0.511672 
0.296950 -0.817543 0.470119 0.707624 -0.022789 0.522106 
0.225632 0.185143 0.927216 0.643718 0.510088 -0.567113 
0.256672 0.781024 0.251601 0.840901 0.295609 -0.442068 
0.159949 0.781032 -0.321877 0.680329 -0.295499 0.663109 
-0.026493 0.215990 0.937517 0.793902 0.526892 -0.293049 
0.518741 0.204034 0.789324 0.364024 0.465176 -0.781963 
-0.222294 0.454926 0.599595 0.850385 0.505019 -0.122970 
0.575418 0.491288 -0.055938 0.394004 -0.496808 0.773247 
-0.241382 0.260020 0.876777 0.841877 0.517348 -0.048492 
0.770362 0.341887 0.339610 -0.056820 -0.437304 0.862834 
0.535629 0.640591 -0.550223 -0.727900 -0.446939 0.520008 
0.746164 -0.651169 -0.138631 0.951914 -0.287735 0.105205 
-0.414455 0.305837 0.768338 0.832560 0.501516 0.177519 
0.753027 0.414018 -0.089827 0.214225 -0.438331 0.840968 
-0.020659 -0.065530 0.988896 0.385246 0.713698 -0.584997 
-0.126266 -0.111564 0.965347 -0.349921 -0.454352 0.819219 
-0.274689 0.034686 0.958153 0.547643 0.724603 -0.418374 
-0.342855 0.024434 0.938052 -0.374404 -0.782928 -0.496836 
0.335829 0.022955 0.941643 0.305072 0.813002 -0.495943 
0.058885 -0.282709 0.957396 0.018330 -0.334951 0.942057 
0.555195 0.817387 0.035948 0.838209 0.022462 -0.265643 
0.427400 -0.817658 0.355283 0.834342 -0.022953 0.277932 
0.166591 0.781025 0.318530 0.936360 0.295574 -0.160598 
-0.052654 -0.781046 0.355558 0.851919 -0.295566 0.420445 
-0.440859 0.245572 0.863329 0.658324 0.707632 -0.256646 
0.618043 0.041358 0.785056 0.063938 0.775277 -0.628377 
-0.524389 0.174140 0.833482 0.356854 -0.384111 -0.851536 
0.181894 -0.470781 0.863296 0.298610 -0.346483 0.889259 
-0.367593 0.464311 0.499997 0.850234 0.500586 0.141071 
0.540259 0.485371 -0.222721 0.605427 -0.503342 0.616325 
-0.646948 0.307073 0.697971 0.728167 0.681170 -0.076025 
-0.638619 0.342141 0.689279 0.646991 -0.331892 -0.686476 
0.859909 0.198423 0.470304 0.180466 -0.751583 0.634473 
0.150203 -0.683287 0.714534 0.513773 -0.396814 0.760642 
-0.543322 0.348504 0.630798 0.760215 0.491561 0.405633 
0.696203 0.409554 -0.309638 0.437404 -0.456899 0.749429 
-0.787622 0.375132 0.488802 0.733334 0.665760 0.137784 
-0.637652 0.541185 0.548196 0.807152 -0.360510 -0.467480 
0.942412 0.317005 0.106616 0.572569 -0.612314 0.530152 
-0.111837 -0.825549 0.553137 0.658817 -0.466607 0.590117 
0.679622 0.640437 -0.357706 0.852963 0.446942 -0.269624 
0.517070 0.817312 0.205734 0.879260 0.022393 0.006362 
0.059916 0.781047 0.354429 0.940109 0.295800 0.136716 
-0.472027 0.475542 0.370914 0.768448 0.497882 0.394799 
-0.632947 0.384679 0.477954 0.585578 0.501324 0.632859 
-0.857029 0.445148 0.259509 0.628783 0.684702 0.368532 
-0.457737 0.747950 0.480674 0.876965 -0.418510 -0.236182 
-0.240292 0.000000 0.967152 -0.000187 0.000000 1.000000 
-0.309020 0.000000 0.951056 0.722762 0.000000 0.234843 
0.933261 0.307962 -0.184888 0.633242 -0.680565 0.366175 
-0.457739 -0.747949 0.480673 0.698976 -0.556095 0.412245 
-0.632940 -0.384107 0.477238 0.608554 -0.483689 0.610906 
-0.471959 -0.475557 0.370927 0.754315 -0.513889 0.407292 
0.059703 -0.781013 0.354412 0.940168 -0.295482 0.136571 
-0.516335 0.817657 -0.205820 0.879520 -0.023115 0.006544 
-0.666764 0.651203 0.362437 0.937860 -0.287673 -0.194072 
0.862629 -0.505133 -0.026696 0.781833 -0.581301 -0.095588 
-0.111836 0.825549 0.553138 0.869681 -0.493131 -0.021859 
-0.634550 -0.292484 0.388116 0.620681 -0.733395 0.215863 
-0.637655 -0.541182 0.548195 0.708810 -0.653253 0.266162 
0.696616 -0.410613 -0.310899 0.250871 0.543099 0.801287 
-0.543388 -0.348290 0.630540 0.726693 -0.512989 0.444456 
0.150200 0.683289 0.714532 0.788232 -0.590634 0.126379 
0.824365 -0.517229 0.229992 0.717298 -0.695610 0.034262 
-0.620787 -0.213446 0.613625 0.562210 -0.773282 0.112240 
-0.564882 -0.280521 0.591924 0.650549 -0.728928 0.163564 
0.540374 -0.485638 -0.222903 0.606914 0.499889 0.613962 
-0.367359 -0.464618 0.500176 0.832012 -0.526250 0.168038 
0.158005 0.350521 0.677562 0.694020 -0.682181 0.224857 
0.293770 0.300434 0.667752 0.609384 -0.763810 0.108610 
-0.490806 -0.127580 0.820998 0.493706 -0.800831 0.067166 
-0.508971 -0.158194 0.797383 0.570545 -0.778259 0.129138 
-0.052393 0.781018 0.355632 0.851913 0.295626 0.420472 
0.166301 -0.781038 0.318628 0.936343 -0.295703 -0.160532 
0.428176 0.817354 0.355455 0.834390 0.022718 0.277886 
-0.583027 0.806827 -0.024141 0.843950 -0.014220 -0.269679 
0.204078 0.174727 0.894089 0.510463 -0.800809 0.124708 
0.064722 0.240114 0.868126 0.589043 -0.749656 0.246637 
-0.274393 -0.035244 0.958243 0.449426 -0.815626 0.071993 
-0.342857 -0.024431 0.938052 0.516855 -0.798654 0.155712 
-0.040112 0.100260 0.972518 0.449124 -0.807729 0.171894 
-0.126185 0.111443 0.965351 0.521492 -0.789055 0.210081 
0.754269 -0.415806 -0.091696 0.175941 -0.588967 -0.787974 
-0.414360 -0.305932 0.768417 0.794882 -0.541195 0.265686 
0.756945 0.640388 -0.130146 0.894544 0.446921 0.007165 
-0.527461 0.647049 0.550556 0.839418 -0.273526 -0.469639 
0.772982 -0.344641 0.337336 0.482766 -0.605956 -0.631139 
-0.240977 -0.260406 0.877044 0.819040 -0.565925 0.085124 
0.575678 -0.491871 -0.056315 0.376664 0.508214 0.771622 
-0.222054 -0.455274 0.599760 0.836239 -0.538144 -0.080779 
0.521435 -0.206324 0.788319 0.656089 -0.606690 -0.448066 
-0.192211 -0.098345 0.968250 0.783865 -0.614651 0.085681 
0.160052 -0.781046 -0.321812 0.680262 0.295646 0.663143 
-0.258871 -0.610260 0.528484 0.797015 -0.479030 -0.307731 
-0.074745 0.053996 0.993550 0.778169 -0.620999 0.089444 
0.297480 0.817279 0.470423 0.707621 0.022496 0.522013 
-0.507951 0.838102 0.108336 -0.719578 0.008930 0.519111 
0.760034 0.640505 0.110010 0.848565 0.446859 0.283292 
-0.287804 0.681148 0.673206 -0.656276 0.268346 0.705189 
0.570653 -0.491328 0.133064 0.102256 0.521758 0.844082 
-0.319840 -0.278758 0.805233 0.706366 -0.657977 -0.089180 
0.504912 -0.482078 0.337128 -0.179826 0.536318 0.821081 
-0.202833 -0.132866 0.945874 0.610164 -0.715945 -0.055041 
0.251633 -0.781039 -0.256639 0.442048 0.295644 0.840901 
-0.514317 0.856393 0.045477 -0.605606 0.044615 0.794513 
-0.019772 0.018673 0.999377 0.575311 -0.733014 0.029006 
0.136932 0.817692 0.538647 0.511656 0.023203 0.715405 
-0.383281 0.872694 0.154098 -0.524151 -0.034910 0.735063 
0.688874 0.640404 0.339611 0.719490 0.446906 0.531610 
0.021597 0.751425 0.659465 -0.437059 0.216340 0.873027 
0.318527 -0.781040 -0.166621 0.160563 0.295644 0.936354 
-0.245127 -0.120269 0.922599 0.393130 -0.683461 -0.203973 
-0.001343 -0.003013 0.999991 0.320330 -0.706217 -0.002092 
-0.036123 0.817584 0.554813 0.265576 0.022967 0.838414 
-0.269548 0.895790 0.100941 -0.285133 -0.051805 0.917055 
-0.226748 0.902699 -0.000387 -0.000883 0.000176 0.999999 
0.266673 -0.180708 0.946694 0.282518 -0.151601 0.947207 
-0.220405 0.076518 0.972403 -0.164914 0.172607 0.951560 
0.027251 -0.050656 0.998342 0.042164 -0.020918 0.997764 
0.057507 -0.085022 0.994718 -0.282308 0.525828 -0.802376 
0.082913 0.198321 0.976624 0.235371 0.474341 -0.848293 
-0.299515 0.007257 0.954064 0.071906 0.392789 -0.916813 
0.299819 0.044635 0.952951 -0.507692 0.488827 -0.709434 
-0.209264 0.223854 0.951892 0.489931 0.491788 -0.719800 
0.323437 0.057553 0.944498 0.101267 0.666349 -0.738731 
0.232089 0.125659 0.940252 0.785966 0.381740 -0.389490 
0.461805 -0.192992 0.845530 -0.628646 0.267404 -0.730274 
0.012067 0.162987 0.961907 0.859750 0.369666 -0.178355 
0.500493 0.120488 0.823106 0.582137 0.371459 -0.691251 
0.177980 -0.193015 0.946837 -0.406950 0.279608 -0.869604 
0.700510 -0.193006 0.661407 -0.683675 0.179328 -0.707411 
-0.097471 -0.092552 0.988851 0.729379 0.537937 -0.422647 
-0.046772 0.012393 0.998829 0.696672 -0.696369 -0.172387 
-0.587099 0.025375 0.809117 0.343596 0.403638 -0.847949 
-0.448267 0.300974 0.841708 0.689311 0.443886 -0.572552 
0.517372 0.170275 0.838649 0.692627 -0.331888 0.640405 
0.655197 0.262688 0.708317 0.281900 -0.507109 0.814477 
0.008867 0.049955 0.998712 0.660189 -0.746694 0.081229 
-0.210988 -0.115598 0.960980 0.713822 0.532246 0.455162 
-0.243741 0.026685 0.967878 0.819555 0.522952 -0.234204 
0.016060 -0.223010 0.954907 0.504398 0.514154 -0.693706 
-0.195772 -0.148470 0.969345 0.739798 -0.589796 -0.323790 
0.115757 0.160693 0.980193 0.725283 -0.685501 0.063663 
-0.165675 -0.106387 0.980425 0.687062 -0.705776 -0.172701 
0.172800 0.209708 0.962373 0.712108 -0.637471 0.294163 
-0.183270 0.207063 0.932054 0.890024 0.349536 0.006197 
0.847779 0.244559 0.354080 -0.060828 -0.291045 0.954391 
-0.325940 0.024988 0.944555 0.785604 0.583234 0.206554 
-0.135864 -0.272624 0.952480 0.703056 0.378165 0.602249 
-0.123322 -0.193014 0.955495 0.014323 0.236372 -0.971557 
0.870602 -0.192990 0.412617 0.792055 -0.115859 0.599355 
-0.382066 0.137616 0.898447 0.867669 0.492578 -0.067212 
0.570402 -0.037234 0.820521 0.524949 0.578184 -0.624605 
-0.286793 -0.330183 0.899293 0.827139 -0.443271 -0.345472 
0.253378 0.306111 0.917657 0.807063 -0.540149 0.238515 
-0.309734 -0.269571 0.911810 0.775794 -0.549706 -0.309786 
0.282313 0.381706 0.880113 0.811496 -0.460432 0.359829 
-0.416178 0.163410 0.872828 0.873410 0.486934 -0.007082 
-0.096134 -0.414134 0.905125 0.748156 0.205266 0.630974 
-0.823142 0.083526 0.561659 0.610805 0.374220 -0.697765 
-0.624608 0.395619 0.673313 0.844316 0.381584 -0.376198 
0.636185 0.365197 0.679632 0.858556 -0.289679 0.423046 
0.798940 0.532741 0.279074 0.563142 -0.455736 0.689330 
-0.355988 0.250817 0.864545 0.887610 0.323933 0.188043 
0.854307 0.342286 -0.222386 0.342570 -0.250877 0.904392 
-0.412532 -0.193018 0.870620 0.303987 0.239841 -0.921992 
0.955486 -0.193020 0.123297 0.926928 -0.099814 0.361720 
-0.429414 0.298085 0.852495 0.885154 0.453240 0.105239 
-0.147012 -0.481461 0.703268 0.739414 -0.040087 0.570305 
-0.266279 -0.525375 0.808132 0.917550 -0.294952 -0.266655 
0.327940 0.454837 0.827997 0.899444 -0.345162 0.268075 
-0.378732 -0.446258 0.810812 0.880693 -0.367938 -0.298331 
0.285833 0.563737 0.774920 0.912288 -0.282596 0.296428 
-0.458909 0.321476 0.828285 0.943732 0.319636 -0.084869 
-0.128443 -0.529126 0.838766 0.813471 0.044535 0.579898 
-0.957724 0.163792 0.236509 0.819793 0.337398 -0.462711 
-0.722513 0.501927 0.475442 0.937670 0.321195 -0.132701 
0.816599 0.362784 0.448948 0.943680 -0.305315 0.127476 
0.847825 0.529878 0.020557 0.733350 -0.475203 0.486189 
-0.505938 0.291173 0.768122 0.847412 0.295175 0.373873 
0.749399 0.341203 -0.471179 0.578010 -0.263430 0.771709 
-0.661437 -0.192994 0.700491 0.597088 0.230449 -0.768361 
0.946818 -0.193023 -0.178008 0.993441 -0.105718 0.043564 
-0.577735 0.358733 0.733166 0.864403 0.410201 0.290760 
-0.385352 -0.478352 0.574916 0.783166 -0.230798 0.559822 
-0.100384 -0.678041 0.728137 0.980517 -0.149658 -0.127232 
0.298595 0.600422 0.741846 0.969904 -0.161582 0.182146 
-0.322683 -0.624703 0.711070 0.962804 -0.197188 -0.184732 
0.138152 0.714562 0.685795 0.980815 -0.118421 0.154852 
-0.440177 0.457120 0.772843 0.987493 0.149582 -0.049831 
-0.186625 -0.477122 0.635891 0.824271 -0.101245 0.466927 
0.845500 0.193011 -0.461849 0.825634 0.218752 -0.520074 
-0.635579 0.326132 0.647339 0.757649 0.267313 0.562458 
-0.954484 0.270191 -0.126321 0.937953 0.302754 -0.169069 
-0.736041 0.614652 0.283633 0.953075 0.268962 0.138955 
-0.118847 -0.742863 0.658810 0.999087 -0.038108 -0.019293 
-0.515428 0.424115 0.601006 0.862716 0.150321 0.181045 
-0.353621 0.556044 0.752175 0.999001 -0.006114 0.044266 
0.136786 -0.700942 0.699979 0.999379 -0.000741 0.035234 
-0.049403 0.000000 0.998778 0.999711 0.000000 0.024050 
-0.309065 0.000000 0.951041 0.890496 0.000000 0.289343 
-0.310717 -0.457992 0.618515 0.877887 -0.247506 0.389469 
-0.119316 0.742810 0.658784 0.999087 0.038108 -0.019293 
0.137696 0.700839 0.699904 0.999379 0.000741 0.035234 
-0.509644 -0.410700 0.582317 0.807224 -0.357860 0.469129 
0.845511 -0.193003 -0.461832 0.947207 -0.119798 -0.297401 
-0.636452 -0.319380 0.633590 0.735968 -0.291478 0.611058 
-0.939869 -0.308597 -0.146338 0.920428 -0.342112 -0.189137 
-0.861591 -0.462252 0.209723 0.815474 -0.518993 0.256219 
-0.188955 0.477154 0.635040 0.946983 -0.148172 0.144181 
-0.411686 -0.390675 0.670004 0.874678 -0.375882 0.304655 
0.137245 -0.714779 0.685751 0.980815 0.118421 0.154852 
-0.324103 0.624048 0.711000 0.962804 0.197188 -0.184732 
0.296975 -0.601085 0.741958 0.969904 0.161582 0.182145 
-0.100842 0.677943 0.728165 0.980518 0.149657 -0.127232 
-0.408335 0.491149 0.586603 0.933722 -0.035918 0.220523 
-0.536281 -0.327615 0.672679 0.809338 -0.444993 0.361521 
0.946845 0.193006 -0.177958 0.955228 0.207785 -0.210630 
-0.660958 0.193144 0.700684 0.777520 -0.139911 -0.613097 
0.751561 -0.353133 -0.496131 0.593649 0.250244 0.748801 
-0.506784 -0.288506 0.762721 0.839830 -0.322896 0.434926 
-0.784727 0.410208 -0.464687 0.950646 0.273281 0.146936 
-0.679955 0.721244 0.132172 0.881174 0.229983 0.413087 
-0.949848 -0.251260 0.186165 0.783588 -0.393360 -0.480893 
-0.809663 -0.383938 0.443888 0.817338 -0.575302 0.031395 
-0.091847 0.441568 0.712400 0.925465 -0.291641 0.230340 
-0.451030 -0.287615 0.767298 0.832191 -0.474702 0.243414 
0.284292 -0.564618 0.774845 0.912289 0.282596 0.296426 
-0.338900 0.475657 0.811724 0.581070 0.732048 0.355616 
0.326248 -0.455936 0.828060 0.899444 0.345161 0.268075 
-0.342193 0.481487 0.806892 0.612665 0.681068 0.400984 
-0.178661 0.487433 0.691687 0.942101 -0.272268 0.187109 
-0.488155 -0.236623 0.790766 0.794147 -0.505634 0.267112 
0.955489 0.193015 0.123316 0.972723 0.198468 0.120082 
-0.410189 0.193604 0.870506 0.743229 0.387903 0.545107 
0.862318 -0.364339 -0.272706 0.274703 0.274369 0.912587 
-0.353028 -0.252116 0.865712 0.898752 -0.352678 0.251328 
-0.447501 0.579050 -0.681501 0.858419 0.251429 0.447102 
0.598872 -0.800339 -0.028457 0.716997 0.217055 0.662421 
-0.842191 -0.200652 0.500452 0.545192 -0.457588 -0.702410 
-0.681326 -0.309488 0.663334 0.752534 -0.638455 -0.161456 
-0.062015 0.359969 0.819948 0.863306 -0.412769 0.280688 
-0.417522 -0.162055 0.871509 0.779996 -0.538227 0.220978 
0.280768 -0.383020 0.880037 0.811495 0.460432 0.359830 
-0.256847 0.271218 0.832954 0.553753 0.652183 0.197583 
0.266196 -0.295340 0.917559 0.722461 0.678657 -0.132192 
-0.270489 0.343247 0.899454 0.657910 0.698266 0.282098 
0.029073 0.358975 0.846253 0.877958 -0.441610 0.138959 
-0.380916 -0.138528 0.898995 0.774067 -0.544638 0.197860 
0.870606 0.192994 0.412604 0.897936 0.374275 -0.231578 
-0.158663 0.179551 0.952682 0.831189 0.396965 0.389285 
-0.108261 0.246238 0.914319 0.795094 -0.501008 0.288253 
-0.325903 -0.025016 0.944570 0.746818 -0.564225 0.234126 
0.909705 -0.307590 0.218136 -0.337977 0.374945 0.852786 
-0.172181 -0.212972 0.937331 0.918366 -0.378269 0.065275 
0.196555 -0.184664 0.962946 0.649172 0.747777 -0.139302 
-0.143314 0.125861 0.962942 0.582188 0.668857 0.094027 
0.136481 -0.140712 0.980598 0.696921 0.707823 -0.115269 
-0.161098 0.171555 0.940943 0.690847 0.707041 0.151072 
0.033219 0.209430 0.947268 0.812915 -0.524108 0.124879 
-0.235206 -0.033174 0.970578 0.763577 -0.562850 0.154545 
-0.209025 0.114182 0.960964 0.751074 -0.551872 0.264944 
0.029786 -0.026123 0.998430 0.589880 0.672600 -0.017690 
0.039991 -0.729929 0.682352 0.676668 0.244190 0.694617 
0.554200 -0.826008 0.102825 0.442556 0.277807 0.852624 
-0.634064 -0.158049 0.756957 0.236311 -0.533493 -0.812122 
-0.482225 -0.243459 0.841538 0.642836 -0.703241 -0.303668 
-0.017380 0.017260 0.999398 0.703694 0.710186 0.021227 
-0.137261 0.121020 0.972280 0.764731 -0.549440 0.214194 
0.700518 0.193011 0.661397 0.921920 0.385965 -0.033086 
-0.047133 0.103437 0.987184 0.892429 0.400925 0.206955 
0.583781 -0.165456 0.782493 0.710896 -0.412730 -0.552727 
-0.178465 -0.076923 0.976128 0.884175 -0.428172 0.109970 
0.004129 -0.009332 0.999896 0.915800 0.401194 0.018790 
-0.100580 0.037282 0.993734 0.880204 -0.434190 0.108826 
-0.228094 -0.781252 0.581049 0.441741 0.278251 0.852902 
0.504224 -0.674846 0.538833 0.013599 0.511261 0.859318 
-0.230921 0.110964 0.938756 -0.287711 -0.818217 -0.497738 
-0.280187 -0.070397 0.933910 0.475438 -0.872696 -0.111175 
0.010823 -0.005594 0.999853 0.226691 0.415956 0.880677 
-0.014028 0.005028 0.999867 0.314315 -0.644096 -0.697385 
0.018894 -0.041314 0.992934 0.257750 -0.801734 -0.539247 
-0.159686 -0.476441 0.864583 -0.147579 -0.468552 -0.871022 
0.223406 -0.110727 0.959562 0.783027 -0.515325 -0.348295 
0.016446 0.044813 0.998860 0.137341 0.121989 0.982983 
-0.110248 -0.491810 0.863695 0.420972 -0.561249 -0.712588 
0.307753 0.024956 0.946702 0.257076 -0.945425 -0.200206 
-0.431668 -0.654357 0.620870 0.247116 -0.202729 -0.947541 
0.286458 -0.062600 0.956045 -0.415717 -0.785286 -0.458808 
0.326328 0.024143 0.944516 0.804854 -0.540558 -0.244965 
0.107311 -0.099423 0.989242 0.227368 -0.022140 0.973557 
0.163892 -0.261653 0.951145 0.800127 -0.426698 -0.421574 
-0.066833 0.188250 0.979844 0.065426 0.263630 0.962403 
0.567370 0.097237 0.817702 0.440320 -0.891290 0.108261 
0.548691 -0.126406 0.826414 -0.257781 -0.951185 0.169695 
-0.205364 -0.709003 0.674641 0.636937 -0.322871 -0.700047 
-0.492425 -0.846362 0.202951 0.558178 0.756677 -0.340408 
0.407254 0.156520 0.880593 0.855272 -0.492760 -0.160302 
0.177270 -0.241603 0.954046 0.307009 -0.165639 0.937181 
0.132215 -0.393011 0.909979 0.846635 -0.301889 -0.438261 
0.611099 -0.018212 -0.791344 0.869115 0.481092 0.114843 
0.757597 0.203954 0.620040 0.681112 -0.702731 0.205564 
0.806921 -0.008251 0.590602 0.217270 -0.841504 0.494636 
-0.102999 -0.895468 0.433045 0.373704 0.707981 -0.555100 
0.612989 -0.480688 -0.627043 0.655739 0.734446 -0.174915 
0.438958 0.306143 0.844744 0.911223 -0.390284 -0.131724 
0.200883 -0.374927 0.905028 0.350407 -0.304669 0.885659 
0.161626 -0.495566 0.853400 0.901824 -0.163176 -0.400109 
0.672574 -0.158178 -0.722928 0.905817 0.397089 0.147704 
0.711359 0.566152 0.416462 0.866428 -0.487311 0.108765 
0.955049 0.088840 0.282822 0.629562 -0.649229 0.426793 
0.713684 -0.700456 0.003978 0.515232 0.745625 -0.422059 
0.730921 -0.542154 -0.414516 0.753294 0.657504 -0.015392 
0.421709 0.429898 0.798341 0.951540 -0.260351 -0.163675 
0.162846 -0.483089 0.860294 0.338551 -0.428851 0.837538 
0.246425 -0.542670 0.802985 0.945507 -0.021145 -0.324915 
0.971332 0.012510 -0.237399 0.781188 0.419242 0.462582 
0.348900 0.517441 0.781360 0.963954 -0.120802 -0.237063 
0.071153 -0.540216 0.838513 0.268278 -0.516962 0.812882 
0.538902 0.802532 0.255984 0.954310 -0.282874 -0.096301 
0.866739 0.476009 -0.148929 0.867278 -0.472427 0.156977 
0.311909 0.000000 0.950112 0.950075 0.000000 -0.312021 
0.044385 0.000000 0.999014 0.213528 0.000000 0.976937 
0.383620 -0.510835 0.769339 0.754323 0.338497 -0.562508 
0.875201 0.241609 0.419104 0.649288 0.397595 0.648338 
0.760313 -0.619366 0.195731 0.564856 0.771530 -0.251842 
0.969008 -0.236560 -0.071155 0.671311 0.704344 0.230738 
0.223537 0.541791 0.810243 0.957687 0.273957 0.088226 
-0.306106 0.541177 -0.783215 0.543026 0.379058 -0.749291 
0.404579 -0.374472 0.705277 0.733534 0.394804 -0.436179 
0.775167 0.186694 0.603540 0.291066 0.445350 0.846725 
0.046546 0.950411 0.307495 0.639573 0.762345 0.049282 
-0.149113 0.949946 -0.274530 0.545383 0.726368 -0.418267 
0.850757 -0.353824 0.388614 0.643983 0.763068 -0.054889 
0.875330 0.291430 0.385830 0.620710 0.657713 0.426770 
0.121648 0.423865 0.743244 0.844747 0.330710 -0.021935 
-0.955782 0.249459 0.155730 0.271916 0.384832 -0.882024 
0.437974 -0.276447 0.789533 0.764558 0.467200 -0.367336 
0.729948 0.048350 0.681791 0.197840 0.376224 0.905160 
-0.481531 0.634776 0.604307 0.561598 0.813106 -0.083604 
-0.764472 0.558360 0.322206 0.378375 0.735925 -0.561469 
0.686766 -0.140778 0.544554 0.444256 0.809156 -0.005227 
0.767739 0.156485 0.621360 0.345402 0.757316 0.554229 
0.094374 0.346895 0.837283 0.846266 0.418769 -0.107053 
-0.470593 -0.122127 0.873858 -0.077187 0.410040 -0.908795 
0.407689 -0.156153 0.880227 0.777092 0.514497 -0.309013 
0.525483 0.017163 0.850631 -0.280191 0.450775 0.847522 
-0.412652 0.184145 0.670700 0.442766 0.835949 -0.149012 
-0.519590 -0.226710 0.823789 0.143136 0.775370 -0.615072 
0.546765 -0.086152 0.783894 0.346890 0.823766 0.019091 
0.561618 0.087497 0.822757 0.034224 0.854202 0.518814 
0.326453 -0.024057 0.944468 0.786441 0.533763 -0.263256 
0.134382 0.237982 0.919452 0.826320 0.484645 -0.173524 
0.088170 0.110000 0.981356 -0.739997 0.529728 0.414479 
-0.389297 0.019183 0.920912 -0.202703 0.336145 -0.919738 
0.306894 -0.027753 0.946998 0.280259 0.835193 -0.017761 
-0.255338 0.103003 0.902217 0.333671 0.843575 -0.142197 
0.278555 0.065328 0.934392 -0.245986 0.940803 0.233195 
-0.281489 -0.108179 0.953447 -0.158872 0.886796 -0.433996 
0.223104 0.110534 0.959572 0.802791 0.523713 -0.222257 
-0.008488 -0.028787 0.998972 -0.667395 0.449407 -0.593816 
0.024188 0.057809 0.980219 0.269723 0.831967 -0.149514 
0.001831 -0.022492 0.997243 -0.289411 0.895691 -0.337609 
0.559132 -0.811008 0.172156 -0.009666 0.100657 0.994874 
0.000000 1.000000 -0.000014 -0.058556 -0.063428 0.996267 
0.605627 -0.763106 -0.225577 -0.245147 -0.062297 0.967482 
0.000021 1.000000 -0.000048 -0.385564 -0.233920 0.892537 
0.647420 -0.616660 0.447859 0.202096 0.276758 0.939448 
0.000000 1.000000 0.000031 0.284703 0.105315 0.952813 
0.745620 -0.537218 -0.394268 -0.446000 -0.233398 0.864065 
0.000038 1.000000 -0.000040 -0.618046 -0.435643 0.654396 
0.797253 -0.386891 0.463359 0.316848 0.486438 0.814239 
0.000030 1.000000 0.000040 0.568919 0.301742 0.765038 
0.889374 -0.318895 -0.327598 -0.550270 -0.433883 0.713406 
0.000029 1.000000 -0.000014 -0.637332 -0.701161 0.319657 
0.927817 -0.194427 0.318360 0.223836 0.720153 0.656717 
0.000028 1.000000 0.000019 0.689748 0.563887 0.454179 
0.980926 -0.137069 -0.137827 -0.471131 -0.668064 0.575956 
0.000020 1.000000 0.000000 -0.232289 -0.972271 0.027026 
0.994878 -0.026918 0.097436 -0.136541 0.826367 0.546327 
0.000033 1.000000 0.000000 0.444202 0.889690 0.105527 
0.998328 0.000000 0.057804 -0.155859 0.000000 0.987779 
0.994878 0.026918 0.097436 -0.136540 -0.826367 0.546328 
0.000025 1.000000 0.000000 0.444203 -0.889690 0.105527 
0.980926 0.137069 -0.137827 -0.471131 0.668064 0.575957 
0.000056 1.000000 0.000000 -0.993300 0.000030 0.115567 
0.927817 0.194427 0.318361 0.223837 -0.720153 0.656717 
0.000015 1.000000 0.000010 0.689749 -0.563887 0.454179 
0.307962 0.828547 0.467621 -0.573604 0.409779 0.709267 
0.000048 1.000000 -0.000024 -0.893871 0.000029 0.448325 
0.797253 0.386891 0.463359 0.316848 -0.486438 0.814239 
0.000000 1.000000 0.000000 0.596639 -0.017718 0.802314 
0.449313 0.828547 0.334108 -0.437818 0.244179 0.865270 
0.000021 1.000000 -0.000022 -0.581087 0.000017 0.615262 
0.514016 0.828547 -0.222031 0.183718 -0.299787 0.936149 
0.000000 1.000000 0.000000 0.286255 -0.016650 0.958009 
0.444510 0.686502 0.132814 -0.236573 0.072780 0.963532 
0.000000 1.000000 -0.000014 -0.385839 0.000000 0.893173 
0.463129 0.686503 -0.027217 -0.023957 -0.120004 0.974550 
0.000000 1.000000 0.000000 -0.058280 0.000000 0.991575 
-0.271542 -0.106968 0.907391 -0.060019 0.733673 -0.673909 
-0.548808 0.271684 0.790568 0.634419 0.699660 -0.328616 
0.157901 0.324832 0.932497 -0.727938 0.068565 -0.682207 
0.094083 -0.150645 0.967394 0.307758 0.381101 -0.871807 
-0.196365 -0.758349 0.621568 0.004351 0.791993 -0.610514 
0.189944 0.759972 0.621582 0.576673 -0.697258 -0.425770 
-0.410839 0.821560 0.395285 -0.062689 0.927317 0.368989 
0.410662 -0.821649 0.395285 0.260129 0.916855 -0.302836 
0.369256 -0.369293 0.852803 0.797724 0.455848 0.394764 
0.219812 0.132725 0.941060 -0.224053 0.609395 0.760552 
-0.196838 0.157442 0.931818 0.214741 0.584114 0.729049 
-0.369274 -0.369275 0.852803 -0.068751 0.687223 -0.714150 
0.545185 -0.323038 -0.773575 -0.739598 0.464888 0.486697 
0.617493 0.150622 -0.750593 0.834076 0.381097 -0.398850 
0.449577 -0.106876 0.833635 -0.518973 0.733645 -0.434121 
0.170999 0.271824 0.947033 0.216219 0.699624 -0.681010 
0.569998 -0.821573 0.010981 -0.305240 0.927318 0.216589 
-0.551020 0.030114 -0.833949 0.237647 0.931108 -0.276700 
0.300675 -0.758353 0.578356 -0.428600 0.791990 -0.434804 
0.573850 0.759967 0.305199 0.106715 -0.697254 -0.708836 
0.833643 0.106900 -0.449590 0.434096 0.733665 -0.518969 
0.947054 -0.271763 -0.170978 0.680982 0.699649 0.216230 
0.771016 0.324842 0.547734 -0.997128 0.068513 0.032261 
0.750626 -0.150592 0.617456 -0.398840 0.381103 -0.834079 
0.798076 -0.157459 -0.519720 -0.363670 0.584116 0.667360 
0.864150 0.369259 -0.341895 0.456374 0.687221 -0.553593 
0.864151 -0.369259 0.341894 0.843221 0.455842 -0.284931 
0.820851 0.132780 0.510039 0.379384 0.609382 0.696220 
0.578388 0.758341 -0.300643 0.434779 0.791993 -0.428620 
-0.247541 0.737359 0.628510 -0.542063 0.795228 0.271626 
-0.010946 0.821598 0.569963 0.216607 0.927321 0.305216 
0.570032 -0.821549 -0.011017 -0.030194 0.916854 -0.398079 
0.341909 0.369279 -0.864136 0.284937 0.455848 0.843216 
-0.510032 0.132774 0.820843 -0.696221 0.609393 0.379363 
0.519731 0.157476 0.798064 0.667367 0.584127 0.363660 
0.341896 -0.369260 0.864149 -0.553585 0.687206 -0.456406 
0.395285 -0.821605 0.410748 -0.368986 0.927320 -0.062667 
0.200067 0.030137 -0.979319 0.363682 0.931117 -0.027510 
0.621568 -0.758354 0.196348 -0.610512 0.791995 -0.004337 
0.621582 0.759967 -0.189964 -0.425792 -0.697278 -0.576632 
0.932504 -0.323028 -0.161519 -0.867127 0.464884 -0.178812 
0.967391 0.150609 -0.094141 0.871807 0.381101 0.307759 
0.931818 -0.157477 0.196809 -0.729042 0.584125 0.214752 
0.852803 0.369272 0.369276 0.714163 0.687214 -0.068731 
0.852803 -0.369255 -0.369294 0.394746 0.455864 -0.797724 
0.941065 0.132731 -0.219810 0.760538 0.609406 0.224067 
0.907385 -0.106956 0.271545 -0.673905 0.733677 0.060023 
0.790567 0.271712 0.548795 -0.328610 0.699664 -0.634417 
0.907374 0.106937 0.271548 0.673926 0.733657 -0.060008 
0.790568 -0.271757 0.548772 0.328639 0.699640 0.634429 
0.852803 0.369255 -0.369294 -0.394759 0.455853 0.797724 
0.941073 -0.132736 -0.219809 -0.760558 0.609389 -0.224047 
0.932497 0.324830 -0.157906 -0.682196 0.068574 0.727947 
0.967393 -0.150632 -0.094104 -0.871813 0.381095 -0.307747 
0.931818 0.157478 0.196809 0.729043 0.584111 -0.214741 
0.852803 -0.369273 0.369275 -0.714145 0.687230 0.068762 
0.621568 0.758362 0.196316 0.610516 0.791991 0.004371 
0.619458 -0.737333 -0.269466 -0.575367 0.795228 -0.191220 
0.395285 0.821609 0.410742 0.368991 0.927316 0.062702 
0.395285 -0.821621 -0.410717 -0.302840 0.916858 -0.260114 
0.519719 -0.157464 0.798061 -0.667362 0.584119 -0.363665 
0.341924 0.369298 0.864122 0.553591 0.687215 0.456388 
0.341935 -0.369315 -0.864110 -0.284924 0.455835 -0.843228 
-0.510021 -0.132757 0.820851 0.696220 0.609387 -0.379375 
-0.010935 -0.821605 0.569953 -0.216594 0.927318 -0.305233 
0.833958 0.030165 -0.551003 0.276652 0.931113 0.237682 
0.578374 -0.758346 -0.300657 -0.434783 0.791992 0.428616 
-0.247527 -0.737352 0.628524 0.542057 0.795228 -0.271636 
0.864146 0.369266 0.341900 -0.843216 0.455848 0.284936 
0.820856 -0.132767 0.510032 -0.379368 0.609391 -0.696220 
0.798088 0.157417 -0.519692 0.363677 0.584113 -0.667363 
0.864120 -0.369302 -0.341925 -0.456380 0.687218 0.553592 
0.773610 -0.323014 0.545151 -0.486704 0.464886 -0.739594 
0.750628 0.150591 0.617459 0.398854 0.381095 0.834075 
0.833637 -0.106917 -0.449595 -0.434100 0.733662 0.518969 
0.947059 0.271749 -0.170973 -0.680986 0.699645 -0.216228 
0.300687 0.758358 0.578343 0.428614 0.791992 0.434786 
0.628547 -0.737342 0.247501 -0.271631 0.795228 -0.542060 
0.570041 0.821543 0.011024 0.305238 0.927318 -0.216590 
-0.551008 -0.030148 -0.833955 -0.237693 0.931115 0.276636 
0.449579 0.106890 0.833631 0.518971 0.733655 0.434110 
0.170995 -0.271816 0.947036 -0.216224 0.699635 0.680998 
0.545162 0.323022 -0.773599 0.739593 0.464885 -0.486707 
0.617497 -0.150624 -0.750594 -0.834077 0.381098 0.398848 
-0.196838 -0.157442 0.931818 -0.214741 0.584114 -0.729049 
-0.369273 0.369275 0.852803 0.068751 0.687223 0.714150 
0.369256 0.369293 0.852803 -0.797724 0.455848 -0.394764 
0.219812 -0.132725 0.941060 0.224053 0.609395 -0.760551 
-0.410839 -0.821560 0.395285 0.062689 0.927317 -0.368989 
0.979319 0.030127 0.200066 0.027632 0.931106 0.363701 
-0.196366 0.758349 0.621569 -0.004351 0.791993 0.610515 
0.269426 -0.737346 0.619460 0.191228 0.795228 -0.575365 
0.161509 -0.323032 0.932505 0.178830 0.464889 -0.867120 
0.094083 0.150645 0.967394 -0.307758 0.381101 0.871807 
-0.271542 0.106968 0.907391 0.060020 0.733672 0.673909 
-0.548808 -0.271683 0.790568 -0.634418 0.699660 0.328616 
0.985039 0.065429 -0.158061 -0.073875 0.875063 -0.034604 
0.986108 0.067302 0.151221 -0.059431 0.919874 -0.057893 
0.987429 0.070644 -0.141310 -0.031674 0.943810 0.257643 
0.984285 -0.131200 -0.114853 -0.082629 -0.780983 0.314012 
0.987812 0.070323 0.138840 -0.015811 0.927599 -0.359137 
0.983708 0.044077 0.171398 -0.088843 0.790338 0.197029 
0.987807 0.070732 -0.138667 0.016125 0.835583 0.539162 
0.985449 -0.149970 -0.077271 -0.068746 -0.687264 0.570843 
0.982408 -0.002884 0.181681 -0.100692 0.640397 0.396714 
0.987419 0.072563 0.140400 0.031982 0.762814 -0.611752 
0.987153 0.076115 0.140303 0.044991 0.679988 -0.670125 
0.983784 -0.045969 0.169710 -0.090247 0.577708 0.557922 
0.987113 0.140923 -0.075487 -0.045697 0.669182 0.679201 
0.984653 -0.164965 -0.050905 -0.081505 -0.586934 0.604810 
0.987610 0.139603 -0.071572 -0.024156 0.577388 0.801159 
0.985039 -0.169689 -0.022122 -0.074186 -0.466273 0.739971 
0.984191 0.174181 0.014958 0.083594 -0.445691 0.710954 
0.985512 -0.078312 0.148699 -0.068189 0.571949 0.688766 
0.987813 0.138866 -0.070257 0.015737 0.359117 0.927578 
0.987198 -0.159399 -0.002884 -0.038024 -0.244579 0.937250 
0.984850 0.170117 -0.023348 0.075808 -0.257493 0.830984 
0.984977 -0.117824 0.123771 -0.074540 0.324190 0.811001 
0.986098 0.151210 -0.067475 0.059562 0.057889 0.919249 
0.987906 -0.155056 0.000000 0.000000 0.000000 1.000000 
0.985086 0.162742 -0.051325 0.076305 -0.123458 0.855153 
0.987906 -0.155057 0.000000 0.023681 0.150877 0.976103 
0.643427 0.763223 -0.059095 0.251529 0.247770 0.935598 
0.604101 0.548930 0.119392 0.165632 -0.145223 0.942911 
0.646141 0.726427 -0.234103 0.101337 0.368344 0.914184 
0.605029 0.381890 0.412115 0.191630 0.732621 -0.584955 
0.608085 0.471481 -0.308289 -0.082647 0.517574 0.842471 
0.488691 0.297512 0.494191 0.056241 0.869351 -0.485014 
0.644093 0.547000 -0.534729 0.102383 0.835784 0.521854 
0.646043 0.237713 0.725342 -0.101172 0.914343 -0.368185 
0.488707 0.224630 -0.531308 -0.055011 0.904175 0.416988 
0.643442 0.058856 0.763229 -0.250756 0.936055 -0.246824 
0.644135 0.127481 -0.754214 -0.211553 0.930499 0.299027 
0.640642 -0.144480 0.754125 -0.361871 0.926718 -0.101207 
0.640615 -0.063996 -0.765191 -0.355881 0.915060 0.189773 
0.728058 -0.331730 0.599906 -0.448969 0.870937 0.199737 
0.644980 -0.473849 -0.599556 -0.179351 -0.690790 0.700459 
0.642839 -0.577399 0.503356 -0.157994 0.671395 0.692283 
0.734086 -0.548067 -0.400925 -0.142522 -0.537551 0.831099 
0.642147 -0.701458 0.309197 -0.306382 0.576764 0.757280 
0.645492 -0.731973 -0.218074 -0.154898 -0.169645 0.950860 
0.609924 -0.564345 0.000000 0.000000 0.000000 1.000000 
0.703260 0.709901 -0.038293 -0.013773 0.038794 0.999152 
0.701974 0.701146 0.125010 0.144307 -0.112038 0.983170 
0.595838 0.752798 0.279772 0.529592 0.263719 -0.806216 
0.699654 0.538269 0.469842 0.272477 0.732878 -0.623414 
0.374580 0.717323 0.283717 0.514043 0.088189 -0.716536 
0.702573 0.412850 0.579608 0.110168 0.837440 -0.535311 
0.297369 0.844763 0.189797 0.603414 0.039271 -0.701681 
0.702741 0.218979 0.676907 -0.050498 0.912726 -0.405440 
0.133824 0.966194 0.118465 0.658919 0.042483 -0.678171 
0.703138 0.056047 0.708841 -0.222759 0.935321 -0.274869 
-0.026339 0.998627 -0.026044 0.667991 -0.011594 -0.675607 
0.702175 -0.129818 0.700070 -0.347677 0.930552 -0.114861 
-0.185327 0.967657 -0.171153 0.692574 -0.089040 -0.715830 
0.702439 -0.346012 0.621977 -0.377332 0.915533 0.139356 
0.634228 -0.067993 -0.770150 -0.556287 0.829380 0.051706 
0.702992 -0.534732 0.468897 -0.110585 0.708627 0.696863 
0.681767 -0.444613 -0.580959 0.010785 -0.553411 0.832839 
0.701538 -0.687081 0.189113 0.185346 0.171134 0.967657 
0.681582 -0.601928 -0.416086 0.086140 -0.340638 0.936240 
0.703223 -0.710446 0.027273 0.026376 0.026045 0.999313 
-0.506988 0.424092 0.750406 0.288136 -0.267066 -0.919594 
-0.512407 0.176874 0.840330 0.292899 0.026085 -0.955787 
-0.319566 0.554550 0.768343 0.224872 -0.503130 -0.834442 
-0.512288 -0.091605 0.853914 0.292884 0.320179 -0.900946 
-0.276861 0.753326 0.596530 -0.204808 0.728992 0.653165 
-0.512232 -0.351067 0.783818 0.292829 0.582963 -0.757896 
-0.180746 0.891545 0.415305 -0.181163 0.891614 0.414974 
-0.512287 -0.576029 0.636987 0.292815 0.788643 -0.540648 
-0.104482 0.963235 0.175780 -0.250634 0.966096 0.061976 
-0.512364 -0.744591 0.427863 0.292858 0.917091 -0.270514 
0.040301 0.996893 -0.022085 -0.250818 -0.957913 -0.139615 
0.512345 0.840382 -0.176811 0.292877 0.955794 0.026106 
0.324579 -0.764390 0.557097 -0.229476 0.831589 -0.505768 
0.512302 0.853908 0.091585 0.292829 0.900947 0.320227 
0.324525 -0.554874 0.766027 -0.229471 0.634600 -0.737988 
0.512382 0.783806 0.350874 0.292829 0.757895 0.582964 
0.324491 -0.291034 0.900003 -0.229527 0.375443 -0.897975 
0.512420 0.637031 0.575862 0.292867 0.540675 0.788606 
0.324528 0.001360 0.945875 -0.229574 0.079539 -0.970036 
0.512403 0.427890 0.744549 0.292885 0.270535 0.917077 
-0.075034 0.128203 -0.988905 -0.052601 0.000528 0.998616 
-0.018983 0.376530 -0.926210 -0.054852 -0.305875 0.950490 
-0.000715 0.259133 0.965841 0.104992 0.152976 0.982637 
-0.362613 -0.254586 0.896492 0.048840 0.589742 -0.806113 
-0.487365 0.805775 0.336455 0.484598 -0.805476 -0.341135 
-0.245262 0.921196 -0.302068 0.051271 0.808436 -0.586346 
-0.317192 0.895309 0.312748 0.456577 -0.881532 -0.120159 
-0.589699 -0.372075 0.716809 0.444555 0.632290 -0.634492 
-0.188541 0.967651 0.167644 0.614934 -0.675762 0.406450 
-0.589731 -0.575301 0.566785 0.444545 0.797423 -0.408038 
-0.023738 0.998729 0.028706 0.696857 -0.170553 0.696636 
-0.589778 -0.722212 0.361347 0.444576 0.884463 -0.141692 
0.131374 0.983350 -0.125549 0.657682 0.513642 0.551024 
0.589766 0.798539 -0.120460 0.444590 0.884956 0.138536 
0.109079 0.888770 -0.445185 0.056865 0.867439 -0.494283 
0.033511 -0.515257 -0.856380 -0.109078 0.445184 0.888770 
0.330724 -0.295825 0.896164 -0.250441 0.391596 -0.885399 
-0.656779 -0.549268 0.516669 0.050194 0.306807 0.950447 
0.330757 -0.004379 0.943706 -0.250482 0.098783 -0.963068 
-0.096324 -0.149506 0.984058 0.052428 0.000352 0.998625 
0.273801 0.160970 0.775376 0.713120 0.440692 -0.524651 
0.273628 -0.086668 0.787299 0.713214 0.581239 -0.362582 
0.272181 0.393192 0.692550 0.715856 0.260792 -0.628694 
0.273606 -0.325757 0.722017 0.713230 0.664813 -0.165176 
0.247574 0.601565 0.582127 -0.734172 -0.092656 0.643289 
0.273678 -0.532842 0.586007 0.713191 0.683366 0.048284 
0.181376 0.798370 0.452393 -0.769940 -0.008983 0.579171 
0.273772 -0.687733 0.392692 0.713141 0.635103 0.257026 
0.098119 0.944704 0.252491 -0.796355 0.001277 0.514096 
-0.273730 0.775456 -0.160926 0.713162 0.524554 0.440718 
-0.032662 0.996827 0.028383 -0.802759 -0.074455 0.490482 
-0.273689 0.787272 0.086620 0.713180 0.362639 0.581236 
-0.273744 -0.687771 0.392687 -0.713159 0.635067 0.257049 
-0.273817 0.721923 0.325526 0.713106 0.165429 0.664906 
-0.273659 -0.532868 0.586011 -0.713208 0.683344 0.048310 
-0.273859 0.585988 0.532625 0.713087 -0.048095 0.683519 
-0.273586 -0.325778 0.722025 -0.713250 0.664801 -0.165139 
-0.273841 0.392714 0.687661 0.713097 -0.256969 0.635192 
-0.273664 -0.086645 0.787301 -0.713211 0.581241 -0.362593 
-0.273772 0.160952 0.775435 -0.713141 0.440705 -0.524609 
0.323462 0.467956 0.721833 0.450088 0.671578 -0.564601 
0.323345 0.221770 0.831230 0.450167 0.813234 -0.329228 
0.319664 0.665274 0.551656 -0.454109 -0.472405 0.738211 
0.323285 -0.046084 0.859111 0.450211 0.875170 -0.061705 
0.286270 0.798959 0.398472 -0.478003 -0.283102 0.821520 
0.323364 -0.309149 0.802852 0.450163 0.851456 0.211633 
0.201398 0.899396 0.300626 -0.521680 -0.171880 0.832382 
0.323435 -0.541965 0.668090 0.450113 0.744465 0.464285 
0.075655 0.970109 0.211340 -0.555476 -0.134673 0.819898 
-0.323405 0.721934 -0.467870 0.450130 0.564509 0.671641 
-0.059038 0.990605 0.100028 -0.557522 -0.117496 0.821244 
-0.323391 0.831209 -0.221848 0.450141 0.329317 0.813222 
-0.323409 -0.542023 0.668067 -0.450133 0.744432 0.464327 
-0.323472 0.859053 0.045696 0.450088 0.062045 0.875196 
-0.323334 -0.309210 0.802843 -0.450185 0.851432 0.211689 
-0.323524 0.802900 0.308806 0.450049 -0.211350 0.851566 
-0.323279 -0.046099 0.859116 -0.450219 0.875164 -0.061680 
-0.323502 0.668154 0.541841 0.450059 -0.464178 0.744551 
-0.323327 0.221733 0.831256 -0.450180 0.813240 -0.329192 
-0.323431 0.467909 0.721893 -0.450106 0.671607 -0.564553 
0.281485 0.578488 0.700199 0.306817 0.700981 -0.570881 
0.281403 0.333564 0.844806 0.306885 0.843161 -0.326105 
0.278246 0.762240 0.498435 -0.310452 -0.500065 0.753609 
0.281356 0.056019 0.906569 0.306927 0.902683 -0.049473 
0.251685 0.867772 0.327795 -0.331715 -0.312257 0.849369 
0.281409 -0.226706 0.879541 0.306888 0.873836 0.231759 
0.183380 0.931806 0.239785 -0.370903 -0.201571 0.879031 
0.281461 -0.487248 0.766514 0.306843 0.759523 0.490326 
0.078922 0.974753 0.189998 -0.402890 -0.155944 0.882466 
0.281443 -0.700306 0.578388 0.306856 0.570790 0.701060 
-0.039360 0.988665 0.138255 -0.408031 -0.132112 0.885163 
-0.281428 0.844795 -0.333625 0.306870 0.326186 0.843154 
-0.281441 -0.487312 0.766486 -0.306861 0.759494 0.490376 
-0.281485 0.906519 -0.056422 0.306824 0.049831 0.902685 
-0.281387 -0.226772 0.879530 -0.306905 0.873815 0.231820 
-0.281524 0.879605 0.226341 0.306788 -0.231446 0.873926 
-0.281351 0.056004 0.906572 -0.306931 0.902675 -0.049448 
-0.281510 0.766588 0.487109 0.306796 -0.490199 0.759604 
-0.281388 0.333518 0.844835 -0.306895 0.843168 -0.326068 
-0.281463 0.578434 0.700256 -0.306834 0.701012 -0.570831 
-0.004755 0.092285 0.981985 -0.549759 0.788749 -0.269063 
-0.140025 -0.123739 0.957208 0.471150 0.643623 -0.603131 
-0.273602 -0.019224 0.961038 -0.510951 0.817142 -0.218826 
-0.378999 0.027216 0.923718 0.483447 0.826302 0.288970 
0.217992 0.215032 0.871060 -0.638746 0.713766 -0.262304 
0.143144 -0.207056 0.967800 0.118979 0.525569 -0.842390 
-0.507529 -0.124280 0.823229 -0.543121 0.805899 -0.182312 
-0.578307 0.185140 0.794534 -0.223319 0.566039 0.793554 
0.372399 0.433271 0.820729 -0.745182 0.649923 -0.149348 
0.340957 -0.361444 0.867817 -0.152376 0.546322 -0.823598 
-0.648639 -0.223635 0.608060 -0.611064 0.761001 -0.213383 
-0.736674 0.307762 0.602157 -0.576563 0.486127 0.656700 
0.199378 0.730974 0.652630 -0.899945 0.020996 -0.435498 
0.465515 -0.512727 0.721392 -0.245746 0.668055 -0.702362 
-0.660367 -0.317227 0.377223 -0.641514 0.679921 -0.319867 
-0.791623 0.458407 0.403976 -0.722324 0.529796 0.444482 
-0.168053 0.824019 0.541064 -0.967150 -0.143263 -0.209991 
-0.324643 -0.811220 0.486344 -0.962453 0.053854 -0.266051 
-0.173648 0.000000 0.984808 -0.913232 0.000000 -0.407440 
-0.342020 0.000000 0.939693 -0.939698 0.000000 -0.342005 
-0.714290 -0.614487 0.334958 -0.614395 0.617262 -0.491432 
-0.863792 -0.293831 -0.409300 -0.939304 0.342761 0.014934 
-0.681854 0.514864 0.519606 -0.748002 0.448500 0.489224 
-0.644916 -0.594899 0.479769 -0.653461 0.650969 -0.366855 
0.199376 -0.730974 0.652630 -0.899945 -0.020996 -0.435498 
0.042746 0.762733 0.645299 -0.773297 0.582976 -0.037488 
-0.661652 0.307000 0.684082 -0.523448 0.460235 0.717067 
-0.576249 -0.307449 0.521459 -0.634055 0.735045 -0.237696 
0.303676 -0.498372 0.812038 -0.761084 -0.188001 -0.620812 
0.188335 0.514864 0.836328 -0.706088 0.682862 -0.176169 
-0.507532 0.124273 0.823226 -0.081015 0.603947 0.792897 
-0.549636 -0.175265 0.754459 -0.570030 0.790822 -0.174779 
0.127123 -0.367865 0.921149 -0.052523 0.451384 -0.890783 
0.063805 0.264625 0.838170 -0.604276 0.758383 -0.232202 
-0.273605 0.019218 0.961037 0.583499 0.811228 -0.037929 
-0.378994 -0.027224 0.923720 -0.521367 0.814082 -0.180364 
-0.032183 -0.131133 0.962768 0.331365 0.555700 -0.762492 
-0.140020 0.123731 0.957209 -0.530859 0.803117 -0.217988 
0.114481 0.318006 0.923726 -0.093850 0.797136 -0.367492 
0.114106 -0.136249 0.984079 0.244353 0.949737 0.102010 
0.015533 0.393645 0.911393 0.309222 -0.701596 0.373907 
0.384138 0.205250 0.803876 -0.137070 0.918840 -0.295627 
0.367468 -0.219259 0.855424 0.352822 0.927376 0.107153 
0.263194 0.416762 0.783921 -0.436733 0.805434 -0.368942 
-0.083512 0.836441 -0.195433 0.298205 0.462594 0.767719 
-0.012639 0.994866 -0.100409 0.113135 0.541526 0.833037 
-0.067521 0.963467 -0.122081 0.513011 0.190959 0.809861 
0.006445 0.999661 -0.017263 0.861512 -0.007238 0.321144 
0.176424 0.820781 -0.201398 0.427757 0.350589 0.768486 
0.294179 0.949626 -0.108027 0.275219 0.481238 0.832265 
0.335607 -0.770141 0.189545 0.136632 0.533974 0.759503 
-0.313931 0.948233 -0.047976 0.019262 0.351262 0.936079 
0.116787 -0.137149 0.983641 0.501882 0.855466 0.058773 
-0.029199 0.392235 0.916391 0.524430 -0.636760 0.330969 
0.233514 0.937181 -0.122080 0.546909 0.023055 0.809870 
-0.361937 0.895458 -0.122066 0.428894 0.340115 0.809856 
0.315005 0.948754 -0.017277 0.817148 -0.273115 0.321161 
-0.302809 0.952716 -0.017273 0.821598 0.259366 0.321149 
0.188693 -0.421425 0.860496 0.653989 0.703221 0.237805 
0.124904 0.511835 0.796351 0.658969 -0.621134 0.376087 
0.416770 0.725361 -0.209949 0.519223 0.210967 0.762521 
0.571366 0.812091 -0.118530 0.416567 0.382793 0.824586 
0.554198 -0.627001 0.186099 -0.048202 0.555654 0.741078 
0.591002 -0.805631 0.040931 -0.092712 0.343134 0.934700 
-0.012118 0.404280 0.910776 0.561603 -0.575709 0.312005 
0.000070 -0.289401 0.956648 0.656583 0.710045 0.209329 
0.511686 0.819143 -0.122078 0.527259 -0.147052 0.809853 
0.620932 -0.739778 0.122072 0.302801 0.456008 0.809861 
0.592806 0.804949 -0.017260 0.692760 -0.512291 0.321166 
-0.582365 0.812536 -0.017260 0.701275 0.500537 0.321157 
0.012044 -0.296112 0.954881 0.763204 0.619962 0.182103 
-0.044804 0.363087 0.930614 0.730042 -0.463047 0.210901 
0.040801 -0.540795 0.811418 0.814602 0.390634 0.302773 
0.054517 0.495840 0.840167 0.788004 -0.467557 0.296598 
0.791423 0.596311 -0.134401 0.533821 0.252296 0.807082 
0.612068 0.561257 -0.223102 0.572016 0.057010 0.747784 
0.830729 -0.549008 0.092088 -0.032934 0.453860 0.890464 
0.810782 -0.584254 0.035776 -0.209125 0.307475 0.928292 
0.739789 0.620928 -0.122055 0.456004 -0.302791 0.809846 
0.819145 -0.511702 0.122062 0.147079 0.527254 0.809864 
0.812518 0.582388 -0.017271 -0.500555 0.701263 -0.321153 
0.804967 -0.592781 0.017272 0.512255 0.692741 0.321151 
0.000022 1.000000 0.000000 1.000000 0.000013 0.000000 
0.000022 1.000000 0.000000 1.000000 0.000013 0.000000 
0.308988 0.951066 0.000000 0.951061 -0.309004 0.000000 
0.587800 0.809006 0.000000 0.809006 -0.587801 0.000000 
-0.309032 0.951052 0.000000 0.951044 0.309056 0.000000 
-0.065699 -0.362922 0.929174 0.885548 0.346769 0.191316 
0.035626 0.410383 0.910883 0.844358 -0.281021 0.103131 
-0.001661 -0.514535 0.841955 0.960793 0.210996 0.149756 
0.013987 0.517183 0.837526 0.944141 -0.233888 0.164411 
0.744762 0.346867 -0.237141 0.585243 -0.104994 0.724457 
0.933937 0.323950 -0.151059 0.619515 0.089821 0.779830 
-0.053625 0.395147 0.917051 0.958324 -0.237461 0.158829 
0.951646 -0.305076 0.036031 -0.183488 0.196762 0.963129 
0.895447 0.361939 -0.122075 -0.340130 0.428892 -0.809848 
0.937175 -0.233527 0.122062 -0.023061 0.546894 0.809858 
0.952720 0.302797 -0.017269 -0.259349 0.821642 -0.321160 
0.948739 -0.315051 0.017260 0.273136 0.817126 0.321151 
0.085583 0.436635 0.894165 0.823937 -0.196957 0.045226 
-0.052664 -0.371108 0.927013 0.976069 0.172506 0.123407 
0.809011 0.587793 0.000000 -0.587797 0.809009 0.000000 
-0.587763 0.809033 0.000000 0.809026 0.587774 0.000000 
0.951055 0.309021 0.000000 -0.309015 0.951057 0.000000 
0.809025 -0.587774 0.000000 0.587779 0.809022 0.000000 
-0.050534 -0.374536 0.925796 0.991366 0.026136 0.065234 
0.046447 -0.525945 0.826053 0.956451 -0.047330 -0.017141 
0.869990 0.186426 -0.456467 0.696981 -0.257609 0.669220 
0.996191 0.010762 -0.086532 -0.454985 0.119729 -0.882414 
0.963466 0.067516 -0.122073 -0.190956 0.512997 -0.809840 
0.999660 -0.006420 -0.017272 0.007227 0.861568 -0.321159 
1.000000 0.000019 0.000000 -0.000024 1.000000 0.000000 
0.951049 -0.309040 0.000000 0.309037 0.951050 0.000000 
0.999660 -0.006434 0.017267 0.007249 0.861550 0.321156 
0.963464 0.067527 0.122093 -0.190963 0.513001 0.809862 
-0.036796 0.365454 0.930102 0.999203 0.021248 0.033796 
0.999342 0.003936 0.036064 -0.235340 0.130431 0.963121 
0.085245 0.519919 0.836774 0.925034 -0.050837 0.007521 
0.062943 0.374849 0.924947 0.909979 0.020165 -0.069405 
0.951049 -0.309040 0.000000 0.309067 0.951040 0.000000 
1.000000 0.000000 0.000000 0.000000 1.000000 0.000000 
0.951051 0.309033 0.000000 -0.309067 0.951040 0.000000 
0.809000 -0.587809 0.000000 0.587841 0.808977 0.000000 
-0.008417 0.363301 0.930359 0.874075 0.184052 -0.037530 
0.028135 -0.468333 0.873935 0.965720 -0.196951 -0.123785 
0.948737 -0.315056 -0.017257 0.273162 0.817140 -0.321157 
0.952715 0.302816 0.017276 -0.259372 0.821591 0.321150 
0.937172 -0.233518 -0.122069 -0.023090 0.546906 -0.809841 
0.895450 0.361941 0.122078 -0.340149 0.428873 0.809853 
0.182869 -0.423678 0.887162 0.938631 -0.173888 -0.297883 
0.950760 -0.297605 -0.086532 -0.395743 0.254477 -0.882399 
0.743952 0.347049 0.238230 0.587117 -0.103573 -0.722536 
0.933686 0.324056 0.152374 0.622202 0.091022 -0.777547 
0.136265 -0.557033 0.808871 0.801860 -0.179288 -0.169978 
-0.063547 0.494864 0.838719 0.879480 0.282477 0.008455 
0.025836 -0.440150 0.892467 0.941830 -0.288399 -0.172339 
-0.110468 0.294097 0.945012 0.768654 0.372213 0.027996 
-0.587783 0.809018 0.000000 0.809012 0.587793 0.000000 
0.809018 0.587783 0.000000 -0.587813 0.808997 0.000000 
0.587796 0.809009 0.000000 0.809009 -0.587796 0.000000 
-0.308993 0.951064 0.000000 0.951071 0.308974 0.000000 
0.309023 0.951055 0.000000 0.951060 -0.309007 0.000000 
0.804939 -0.592819 -0.017254 0.512308 0.692720 -0.321157 
0.812523 0.582382 0.017268 -0.500567 0.701256 0.321158 
0.819141 -0.511714 -0.122040 0.147099 0.527237 -0.809856 
0.739786 0.620932 0.122065 0.456003 -0.302786 -0.809846 
0.140365 -0.510313 0.848457 -0.833843 0.426220 0.350772 
0.812261 -0.576842 -0.086519 -0.297736 0.364311 -0.882401 
0.611504 0.561151 0.223737 0.573079 0.058605 -0.746129 
0.798765 0.594560 0.092041 0.409843 0.146839 -0.900259 
0.074547 -0.577530 0.790396 -0.755853 0.438351 0.299441 
-0.235922 0.412800 0.829466 0.731606 0.579253 0.051690 
0.213305 -0.468223 0.856850 0.783261 -0.430082 -0.409984 
-0.161852 0.172848 0.968836 0.653143 0.594671 0.040046 
-0.582381 0.812524 0.017268 0.701253 0.500542 -0.321152 
0.592798 0.804955 0.017264 0.692763 -0.512288 -0.321167 
0.620921 -0.739796 -0.122042 0.302823 0.455985 -0.809859 
0.511697 0.819147 0.122067 0.527259 -0.147050 -0.809849 
0.554059 -0.626584 -0.186444 -0.049772 0.556545 -0.739213 
0.594275 -0.799550 -0.086927 -0.250899 0.532244 -0.808558 
0.411977 0.725609 0.220230 0.532109 0.238848 -0.747967 
0.578247 0.812157 0.077663 0.322247 0.231817 -0.917833 
-0.175194 0.096204 0.978046 0.562178 0.684578 0.062971 
0.126426 -0.528198 0.826516 0.638796 -0.602593 -0.475955 
-0.379797 -0.188237 0.840706 -0.363770 0.720988 -0.225843 
-0.344719 0.217633 0.865575 0.494004 0.777234 0.130157 
0.315035 0.948744 0.017266 0.817154 -0.273119 -0.321159 
-0.302769 0.952729 0.017258 0.821633 0.259312 -0.321157 
0.233518 0.937175 0.122072 0.546900 0.023082 -0.809847 
-0.361937 0.895453 0.122069 0.428897 0.340115 -0.809861 
0.125925 -0.517032 0.835015 0.572740 -0.643940 -0.491107 
-0.172361 0.049731 0.982889 0.454471 0.815616 0.054554 
0.218848 0.902260 0.160986 0.405959 0.279713 -0.769957 
0.299386 0.951181 0.074978 0.237510 0.330099 -0.913578 
0.335562 -0.769782 -0.189726 0.135678 0.535012 -0.758036 
0.318673 -0.943342 -0.092488 -0.064257 0.560649 -0.825557 
0.006430 0.999660 0.017269 0.861560 -0.007243 -0.321157 
0.007070 0.999930 0.004466 0.518486 0.001987 -0.821501 
-0.029141 0.996971 0.053914 0.314079 0.153675 -0.801828 
-0.005590 0.996122 0.048281 0.130725 0.225956 -0.965326 
-0.403606 0.111713 0.853933 0.273049 0.948450 0.060973 
-0.401227 -0.096614 0.855906 -0.226405 0.915282 -0.117897 
-0.411617 0.025200 0.859886 0.030850 0.990977 -0.055891 
-0.145433 0.024361 0.989035 0.231081 0.967853 0.011643 
-0.171562 0.003319 0.984437 -0.285868 0.850966 -0.068717 
-0.144897 0.022099 0.989173 -0.047002 0.981093 -0.029493 
1.000000 0.000014 0.000268 -0.000869 0.052720 0.998609 
1.000000 -0.000054 0.000203 0.787436 0.159305 -0.595454 
1.000000 0.000113 0.000293 -0.000445 0.269874 0.702232 
1.000000 -0.000124 0.000191 0.793125 0.331521 -0.510928 
1.000000 0.000186 0.000229 -0.000364 0.512079 0.631866 
1.000000 -0.000224 0.000181 0.806614 0.459210 -0.372157 
1.000000 0.000236 0.000153 -0.000311 0.772694 0.501371 
1.000000 -0.000286 0.000110 0.822517 0.530886 -0.204024 
1.000000 0.000281 0.000075 -0.000300 0.960773 0.257041 
1.000000 -0.000246 0.000013 0.833418 0.551874 -0.029136 
1.000000 0.000285 -0.000015 -0.000300 0.976706 -0.051565 
1.000000 -0.000164 -0.000044 0.833651 0.533527 0.142737 
1.000000 0.000241 -0.000093 0.906853 -0.393395 0.151185 
1.000000 -0.000121 -0.000079 0.824029 0.475265 0.308381 
1.000000 0.000179 -0.000145 0.979107 -0.157979 0.128030 
1.000000 -0.000104 -0.000128 0.812126 0.367371 0.453309 
1.000000 0.000165 -0.000254 0.971779 -0.128400 0.197885 
1.000000 -0.000087 -0.000227 0.807901 0.211405 0.550094 
1.000000 0.000098 -0.000365 0.955010 -0.076648 0.286499 
1.000000 -0.000019 -0.000351 0.818455 0.030293 0.573772 
0.241014 0.113410 0.807785 0.786661 0.412312 -0.429428 
0.238632 -0.143320 0.804060 0.787639 0.528049 -0.288881 
0.226505 0.357925 0.759974 0.791443 0.269669 -0.511125 
0.207874 -0.424179 0.746584 0.794864 0.587600 -0.100157 
0.203400 0.585723 0.647708 0.800269 0.125475 -0.539156 
0.156561 -0.699541 0.592691 0.805876 0.570032 0.107231 
0.176974 0.776218 0.466271 0.811336 -0.005179 -0.527207 
-0.125865 0.881392 -0.341114 0.814588 0.477912 0.292475 
0.097594 0.935255 0.264908 -0.832738 0.024014 0.462553 
-0.127308 0.944344 -0.052790 0.815461 0.340056 0.425963 
-0.021711 0.998339 0.024939 -0.840596 -0.048201 0.433611 
-0.147456 0.902856 0.226679 0.809426 0.187162 0.505334 
0.138136 0.879378 -0.347126 0.843395 -0.320173 -0.356920 
-0.175451 0.775761 0.466911 0.802409 0.029844 0.539892 
-0.172229 -0.694544 0.599070 0.848546 -0.414343 -0.244088 
-0.204899 0.586341 0.647242 0.800287 -0.133111 0.528355 
-0.223541 -0.417297 0.750895 0.846906 -0.484839 -0.082161 
-0.231159 0.360198 0.759185 0.806504 -0.294671 0.456702 
-0.250874 -0.137176 0.805634 0.836547 -0.496905 0.118884 
-0.249223 0.117654 0.807631 0.820515 -0.428222 0.314613 
0.330289 0.662168 0.565223 0.298900 0.618502 -0.575240 
0.242956 0.195461 0.950141 0.384072 0.899064 -0.210173 
0.264605 0.732347 0.554510 0.348803 0.535231 -0.677370 
0.213393 -0.180168 0.960210 0.385978 0.918449 0.086442 
0.194809 0.823970 0.486054 0.386421 0.431468 -0.754847 
0.240878 0.937529 -0.057843 0.393144 0.830052 0.395538 
0.120658 0.908314 0.377364 -0.411656 -0.318920 0.808605 
0.134051 0.982005 -0.014727 0.402033 0.632290 0.662253 
0.042167 0.968008 0.242851 -0.423933 -0.204108 0.842082 
0.042737 0.992900 0.104577 0.408297 0.363423 0.837388 
-0.072264 0.980451 0.164446 -0.420519 -0.153862 0.853093 
-0.041420 0.967503 0.244283 0.410404 0.074208 0.908880 
-0.131522 0.980497 -0.019647 -0.405663 0.021281 0.856603 
-0.120838 0.908538 0.377075 0.409546 -0.205315 0.888886 
-0.238108 0.933938 -0.062208 0.371523 -0.124078 -0.835886 
-0.195916 0.825830 0.484784 0.408079 -0.462788 0.786955 
-0.045024 -0.525733 0.849457 0.441052 -0.713153 -0.544873 
-0.228957 0.695239 0.681338 0.408728 -0.685633 0.602370 
-0.097710 -0.129756 0.986720 0.440890 -0.857168 -0.266232 
-0.128661 0.244810 0.960996 0.439648 -0.895883 0.064058 
0.000000 0.951049 0.309040 0.000000 -0.235356 0.724313 
0.165600 0.915312 0.327064 0.058550 0.366707 -0.700436 
0.172197 0.922863 0.298116 0.024202 0.482332 -0.875654 
0.141510 0.916380 0.346063 -0.095327 -0.358654 0.733685 
0.159662 0.935597 0.271625 0.037414 -0.451611 0.891430 
0.104325 0.925477 0.348461 -0.124225 -0.337143 0.763863 
0.130413 0.948213 0.259004 0.090748 -0.439602 0.893597 
0.058830 0.938559 0.334783 -0.143152 -0.305360 0.788755 
0.089352 0.956193 0.264345 0.136436 -0.407053 0.903157 
0.009084 0.950470 0.310547 -0.150955 -0.267066 0.806824 
0.041480 0.957016 0.284124 0.166636 -0.355670 0.919636 
-0.041451 0.957016 0.283957 -0.147174 -0.226051 0.816882 
-0.009084 0.950470 0.310547 0.174724 -0.293628 0.939816 
-0.089303 0.956081 0.264091 -0.131943 -0.186020 0.817871 
-0.058860 0.938674 0.334661 0.158699 -0.233865 0.959230 
-0.130362 0.947980 0.258817 -0.106087 -0.150652 0.808940 
-0.104375 0.925738 0.348350 0.122429 -0.188485 0.974415 
-0.159630 0.935367 0.271628 -0.071380 -0.123438 0.789870 
-0.141562 0.916687 0.346093 0.073331 -0.163696 0.983782 
-0.172199 0.922809 0.298282 -0.041549 -0.130373 0.990594 
-0.165634 0.915492 0.327237 0.019006 -0.159145 0.987072 
0.157501 -0.448211 0.840309 0.584121 -0.633127 0.420440 
0.821637 0.060519 0.566789 0.927319 -0.189167 0.322949 
-0.369231 -0.831085 0.415891 0.455858 -0.864834 -0.210370 
0.323025 -0.723136 0.610515 0.464887 -0.420387 0.779201 
0.795816 0.423206 -0.433098 0.576969 0.774024 0.260755 
0.153191 0.370119 -0.807226 0.734971 0.053337 0.639216 
-0.369267 -0.265285 0.890655 0.687203 0.511697 -0.502928 
-0.030142 -0.878804 -0.476230 0.931109 0.254917 -0.260869 
0.132796 -0.773267 0.579651 0.609395 -0.317238 0.726635 
-0.150585 -0.693959 0.680520 0.134325 -0.936568 0.323723 
0.737352 -0.604561 0.301362 0.795228 -0.223348 0.563674 
-0.356721 0.120398 -0.926420 0.793306 -0.291562 0.533292 
-0.157459 0.911117 -0.277290 0.584128 -0.744988 -0.150395 
0.369275 0.881742 0.293541 0.455843 -0.462794 -0.760282 
0.795811 0.605504 -0.007085 0.576967 0.362935 0.731702 
-0.821583 0.357977 -0.443683 0.927322 -0.362119 0.094576 
-0.323030 0.943033 0.079626 0.464879 -0.848249 0.253694 
0.153236 0.832540 -0.309077 0.734916 -0.414329 0.489708 
0.030131 0.284659 0.958155 0.931129 0.364664 -0.004418 
0.369274 0.817373 -0.442197 0.687208 0.717439 0.006216 
0.150614 0.971914 0.009460 0.134334 -0.891153 -0.433360 
-0.132735 0.956647 0.136952 0.609381 -0.738146 0.289473 
-0.356610 0.740216 -0.570008 0.793315 -0.583256 0.170921 
-0.737336 0.640586 0.214442 0.795229 -0.556515 0.240629 
-0.165601 0.915300 0.327094 0.058558 -0.366741 0.700414 
-0.172199 0.922853 0.298143 0.016948 -0.446009 0.894868 
-0.141509 0.916369 0.346088 0.095332 -0.358682 0.733666 
-0.159665 0.935588 0.271647 -0.037407 -0.451651 0.891410 
-0.104323 0.925469 0.348483 0.124229 -0.337168 0.763846 
-0.130417 0.948205 0.259025 -0.090742 -0.439644 0.893577 
-0.058827 0.938551 0.334805 0.143155 -0.305386 0.788739 
-0.089357 0.956186 0.264365 -0.136433 -0.407096 0.903138 
-0.009079 0.950462 0.310570 0.150956 -0.267091 0.806809 
-0.041484 0.957010 0.284142 -0.166636 -0.355714 0.919619 
0.041455 0.957010 0.283979 0.147174 -0.226073 0.816868 
0.009081 0.950465 0.310562 -0.174728 -0.293669 0.939802 
0.089308 0.956075 0.264113 0.131942 -0.186042 0.817858 
0.058858 0.938669 0.334677 -0.158704 -0.233903 0.959220 
0.130368 0.947973 0.258840 0.106085 -0.150673 0.808926 
0.104373 0.925731 0.348371 -0.122436 -0.188519 0.974408 
0.159634 0.935360 0.271652 0.071377 -0.123458 0.789855 
0.141561 0.916679 0.346116 -0.073337 -0.163727 0.983776 
0.172201 0.922801 0.298306 0.034519 -0.170485 0.984755 
0.165635 0.915485 0.327261 -0.019012 -0.159175 0.987067 
0.000000 0.951042 0.309062 0.000000 -0.235380 0.724295 
-0.330279 0.662144 0.565266 0.298916 -0.618530 0.575214 
-0.441057 0.847420 0.295548 0.165627 -0.620609 0.766428 
-0.264598 0.732336 0.554530 0.348810 -0.535250 0.677353 
-0.213427 -0.180087 0.960217 0.385970 -0.918456 -0.086401 
-0.194801 0.823961 0.486072 0.386427 -0.431492 0.754829 
-0.240891 0.937524 -0.057809 0.393146 -0.830051 -0.395540 
-0.120648 0.908307 0.377385 0.411659 -0.318948 0.808589 
-0.134057 0.982003 -0.014716 0.402042 -0.632255 -0.662281 
-0.042159 0.968005 0.242866 0.423934 -0.204125 0.842074 
-0.042742 0.992898 0.104586 0.408298 -0.363422 -0.837387 
0.072270 0.980448 0.164460 0.420518 -0.153876 0.853087 
0.041420 0.967503 0.244284 0.410405 -0.074210 -0.908879 
0.131532 0.980496 -0.019628 0.405661 0.021263 0.856598 
0.120846 0.908543 0.377061 -0.409542 -0.205282 0.888895 
0.238121 0.933937 -0.062180 0.371519 0.124067 0.835879 
0.195923 0.825835 0.484772 0.408064 0.462707 -0.787010 
0.408156 0.891320 0.197379 0.267546 -0.043925 0.962543 
0.228976 0.695267 0.681304 0.408717 0.685590 -0.602426 
0.097713 -0.129751 0.986720 0.440892 0.857168 0.266229 
0.245529 0.484805 0.839452 0.413301 0.847048 -0.334205 
-0.241012 0.113409 0.807794 0.786663 -0.412312 0.429419 
-0.238647 -0.143311 0.804057 0.787631 -0.528049 0.288894 
-0.226494 0.357922 0.759983 0.791448 -0.269678 0.511107 
-0.207914 -0.424135 0.746559 0.794847 -0.587616 0.100192 
-0.203381 0.585720 0.647720 0.800280 -0.125502 0.539129 
-0.156562 -0.699527 0.592681 0.805877 -0.570031 -0.107232 
-0.176966 0.776219 0.466277 0.811343 0.005163 0.527199 
0.125841 0.881405 -0.341105 0.814599 -0.477879 -0.292491 
-0.097590 0.935255 0.264910 0.832742 0.024008 0.462553 
0.127309 0.944345 -0.052790 0.815464 -0.340054 -0.425965 
0.021714 0.998339 0.024941 0.840599 -0.048203 0.433613 
0.147459 0.902857 0.226678 0.809427 -0.187163 -0.505334 
-0.138127 0.879380 -0.347122 0.843398 0.320165 0.356924 
0.175468 0.775760 0.466900 -0.802385 0.029881 0.539905 
0.172222 -0.694542 0.599064 0.848548 0.414335 0.244094 
0.204929 0.586335 0.647209 0.800241 0.133037 -0.528419 
0.223541 -0.417294 0.750891 0.846906 0.484840 0.082160 
0.231176 0.360198 0.759156 0.806480 0.294640 -0.456761 
0.250869 -0.137180 0.805638 0.836549 0.496904 -0.118876 
0.249214 0.117650 0.807638 0.820521 0.428225 -0.314593 
1.000000 0.000000 -0.000112 0.000565 0.052720 0.998609 
1.000000 0.000026 -0.000098 0.872225 -0.126407 0.472489 
1.000000 -0.000064 -0.000167 0.000289 0.269850 0.702170 
1.000000 0.000065 -0.000101 0.793110 -0.331532 0.510944 
1.000000 -0.000150 -0.000185 0.000311 0.512059 0.631842 
1.000000 0.000070 -0.000057 0.806588 -0.459238 0.372179 
1.000000 -0.000229 -0.000148 0.000303 0.772691 0.501369 
1.000000 0.000036 -0.000014 0.822517 -0.530886 0.204024 
1.000000 -0.000281 -0.000075 0.000300 0.960773 0.257041 
1.000000 0.000042 0.000000 0.833436 -0.551848 0.029135 
1.000000 -0.000285 0.000015 0.000300 0.976706 -0.051565 
1.000000 0.000105 0.000028 0.833656 -0.533520 -0.142735 
1.000000 -0.000108 0.000042 0.906858 0.393386 -0.151181 
1.000000 0.000136 0.000088 0.824030 -0.475264 -0.308380 
1.000000 -0.000117 0.000095 0.898216 0.341491 -0.276753 
1.000000 0.000085 0.000105 -0.812085 0.367407 0.453354 
1.000000 -0.000126 0.000194 0.971779 0.128401 -0.197886 
1.000000 0.000035 0.000090 0.807819 -0.211446 -0.550199 
1.000000 -0.000059 0.000221 0.843734 0.138723 -0.518525 
1.000000 0.000000 0.000144 0.818410 -0.030296 -0.573835 
0.000013 -0.000247 1.000000 -0.019381 0.367095 0.929982 
-0.044242 0.943302 -0.118077 0.393313 0.337645 0.841779 
0.235061 0.897881 -0.138556 0.473335 0.186360 0.840529 
0.000112 -0.000292 1.000000 -0.140500 0.365594 0.920109 
-0.332578 0.882539 -0.116622 0.260019 0.466812 0.837343 
-0.000068 -0.000254 1.000000 0.131837 0.492784 0.860106 
0.091929 0.992637 0.056010 0.775545 0.357107 0.520581 
0.253183 0.964594 -0.044579 0.847564 0.079777 0.524663 
-0.047921 0.968542 0.165398 0.728522 0.407224 0.550839 
0.272183 0.957646 0.065690 0.893041 0.368004 0.258941 
0.313019 0.949520 -0.014376 0.963784 0.052789 0.261406 
0.239420 0.949523 0.141488 0.848934 0.449535 0.277901 
-0.000166 -0.000255 1.000000 0.279387 0.430581 0.858221 
0.473344 0.765897 -0.166688 0.504071 0.028239 0.837663 
0.000191 -0.000236 1.000000 -0.265966 0.328182 0.906399 
0.581346 -0.699474 0.149499 0.082212 0.546182 0.828007 
-0.590254 0.807178 -0.008069 0.539571 0.640308 0.546689 
0.401380 0.889748 -0.139357 0.828243 -0.192970 0.526096 
0.483037 -0.434912 -0.759952 -0.550127 0.266024 0.791575 
0.643624 -0.090531 0.759969 -0.131596 0.710062 -0.691733 
0.347889 0.927955 -0.093194 0.930682 -0.255035 0.262273 
0.227369 0.927684 0.206490 0.834131 0.472786 0.284075 
0.706948 -0.628295 -0.108178 -0.636825 0.231802 0.732297 
0.485041 -0.830475 0.273946 -0.030692 0.714965 0.698486 
-0.000184 -0.000149 1.000000 0.403727 0.327189 0.854372 
0.648874 0.571947 -0.196229 0.484544 -0.131830 0.838334 
0.000223 -0.000145 1.000000 -0.376146 0.244066 0.893838 
0.726528 -0.422955 0.203304 -0.111159 0.554634 0.818440 
0.518888 0.818617 -0.246213 0.724760 -0.443693 0.527124 
0.845230 -0.531989 0.050746 0.280751 0.792237 0.541794 
0.364783 0.900418 -0.165261 0.803064 -0.534766 0.262895 
-0.606627 0.791964 0.069256 0.616517 0.734142 0.284503 
-0.000162 -0.000062 1.000000 0.482756 0.185526 0.855878 
0.753020 0.343624 -0.222947 0.405651 -0.282947 0.845194 
0.000300 -0.000080 1.000000 -0.445463 0.119178 0.887333 
0.781524 -0.149913 0.232579 -0.284679 0.492900 0.812726 
0.701066 0.655961 -0.279681 0.538649 -0.654856 0.530114 
0.982747 -0.140115 0.120733 0.000396 0.842551 0.538617 
0.356678 0.877119 -0.224132 0.584750 -0.766806 0.264718 
0.860448 -0.507185 -0.048905 0.322285 0.902889 0.284469 
0.928959 -0.025744 -0.369286 0.694921 0.556144 0.455838 
0.945790 -0.198538 0.132786 0.594624 -0.524477 0.609382 
0.843751 0.442717 -0.303456 0.276959 -0.797558 0.535905 
-0.000212 -0.000011 1.000000 0.496623 0.026219 0.867570 
0.792072 0.103416 -0.242334 0.265390 -0.399383 0.856639 
0.856046 0.491787 -0.159160 0.284945 -0.920230 0.268295 
0.309043 0.951048 0.000000 -0.951040 0.309068 0.000000 
0.572340 0.783726 0.241250 -0.664504 0.719245 0.202783 
0.556761 0.569943 0.387483 -0.527312 0.617020 0.412712 
0.000279 0.000015 1.000000 -0.456010 -0.024075 0.889649 
0.792275 0.099145 0.233110 -0.412579 0.380501 0.812319 
0.913380 -0.247745 0.323048 -0.927589 -0.367741 0.065922 
0.916540 -0.323487 -0.150589 -0.657072 0.649467 0.382687 
0.964681 0.208823 -0.160570 -0.061443 -0.960174 0.272564 
0.356723 0.876554 0.223968 -0.689216 0.400563 0.167721 
0.937444 0.165417 -0.306327 -0.028674 -0.839447 0.542685 
0.571802 0.662107 0.309817 -0.634681 0.523404 0.465059 
-0.000216 0.000058 1.000000 0.444385 -0.118889 0.887912 
0.783137 -0.143600 -0.246620 0.086611 -0.452820 0.867409 
0.000119 0.000046 1.000000 0.702255 0.269882 -0.000116 
0.753830 0.341394 0.217822 -0.485153 0.244273 0.816712 
0.239661 0.935268 -0.260456 -0.983574 0.062089 0.169493 
0.365029 0.899950 0.165105 -0.734570 0.364080 0.209330 
0.942159 -0.197317 -0.270929 -0.322617 -0.772024 0.547629 
0.514339 0.780491 0.227069 -0.709872 0.414008 0.505001 
0.731072 -0.415625 -0.221872 -0.088323 -0.437548 0.872608 
0.000017 0.000014 1.000000 0.631845 0.512063 -0.000016 
0.649320 0.571385 0.194680 -0.507082 0.108032 0.824596 
-0.000161 0.000105 1.000000 0.349293 -0.226642 0.909191 
0.761323 -0.572193 0.157446 0.751500 -0.113481 0.584124 
0.616848 -0.695068 -0.369294 -0.676300 0.239547 0.687205 
0.184636 -0.539370 0.821578 0.307932 -0.212732 0.927320 
0.531892 0.205323 -0.821543 -0.161642 0.367176 0.915999 
0.226974 0.927315 -0.206331 -0.799376 0.097700 0.183253 
0.348125 0.927746 0.093101 -0.769046 0.317659 0.236702 
-0.108485 0.888508 -0.288153 -0.790393 -0.140001 0.488559 
0.401711 0.889504 0.139080 -0.758538 0.301440 0.531835 
0.588225 -0.693987 -0.168486 -0.227755 -0.375682 0.871201 
-0.000142 0.000175 1.000000 0.242169 -0.298817 0.923072 
0.000000 0.000000 1.000000 0.501365 0.772690 0.000000 
0.472646 0.766413 0.168563 -0.491486 -0.013731 0.834558 
0.313029 0.949516 0.014372 -0.793150 0.265459 0.248013 
0.238944 0.949350 -0.141337 -0.810003 0.153352 0.220488 
0.271889 0.957651 -0.065602 -0.807139 0.210072 0.242524 
0.251372 0.965218 0.045870 -0.788273 0.190843 0.544677 
-0.054166 0.966582 -0.160986 -0.806695 -0.028662 0.524407 
0.142168 0.979782 -0.089948 -0.800094 0.141557 0.540118 
0.000000 0.000000 1.000000 0.257042 0.960772 0.000000 
0.271332 0.934260 0.089404 -0.425618 -0.025779 0.853691 
-0.000091 0.000238 1.000000 0.135637 -0.352941 0.925762 
-0.339056 0.880315 0.131416 -0.327193 -0.294795 0.864925 
0.000000 0.000000 1.000000 -0.051566 0.976707 0.000000 
0.021704 0.997993 -0.023106 -0.397627 0.047561 0.860286 
-0.271371 -0.107205 0.907170 -0.059822 0.733396 -0.674159 
0.161514 0.323030 0.932505 -0.178798 0.464879 0.867133 
-0.548593 0.272117 0.790568 0.634542 0.699415 -0.328899 
0.094117 -0.150624 0.967394 0.308365 0.381405 -0.871459 
-0.195141 -0.758662 0.621573 0.005184 0.791913 -0.610612 
-0.410796 0.821581 0.395285 -0.062656 0.927321 0.368985 
0.269456 0.737336 0.619458 -0.191209 0.795229 0.575370 
0.979319 -0.030132 0.200067 -0.027383 0.931129 -0.363661 
0.369274 -0.369275 0.852803 0.797724 0.455842 0.394770 
0.219815 0.132726 0.941067 -0.224037 0.609381 0.760567 
-0.196824 0.157458 0.931818 0.214753 0.584128 0.729046 
-0.369275 -0.369273 0.852803 -0.068713 0.687204 -0.714172 
0.545158 -0.323019 -0.773603 -0.739581 0.464875 0.486734 
0.617516 0.150632 -0.750595 0.834271 0.381417 -0.398137 
0.449558 -0.107151 0.833361 -0.519009 0.733378 -0.434429 
0.171126 0.272187 0.946905 0.216108 0.699384 -0.681292 
0.570031 -0.821549 0.011014 -0.305230 0.927319 0.216597 
-0.551006 0.030155 -0.833956 0.237831 0.931136 -0.276447 
0.301524 -0.758658 0.577513 -0.428104 0.791913 -0.435431 
0.573857 0.759965 0.305192 0.108980 -0.696263 -0.709466 
0.833348 0.107242 -0.449590 0.434371 0.733416 -0.518997 
0.946945 -0.272076 -0.171087 0.681216 0.699449 0.216138 
0.771505 0.324499 0.547249 -0.997189 0.067999 0.031477 
0.750620 -0.150601 0.617469 -0.398201 0.381390 -0.834253 
0.798085 -0.157419 -0.519695 -0.363693 0.584111 0.667370 
0.864118 0.369305 -0.341928 0.456388 0.687209 -0.553587 
0.864153 -0.369255 0.341891 0.843227 0.455835 -0.284926 
0.820858 0.132761 0.510027 0.379396 0.609374 0.696220 
-0.247471 0.737330 0.628571 -0.542041 0.795231 0.271659 
0.577491 0.758666 -0.301546 0.435430 0.791913 -0.428105 
-0.010936 0.821604 0.569953 0.216614 0.927323 0.305206 
0.570010 -0.821564 -0.010994 -0.029488 0.916700 -0.398487 
0.341932 0.369312 -0.864113 0.284897 0.455800 0.843256 
-0.509982 0.132700 0.820877 -0.696218 0.609369 0.379408 
0.519733 0.157479 0.798061 0.667370 0.584131 0.363659 
0.341898 -0.369263 0.864147 -0.553582 0.687201 -0.456424 
0.395285 -0.821594 0.410771 -0.368984 0.927322 -0.062650 
0.200067 0.030130 -0.979319 0.363652 0.931134 -0.027323 
0.621573 -0.758662 0.195138 -0.610611 0.791914 -0.005171 
0.621581 0.759961 -0.189989 -0.424558 -0.696221 -0.578815 
0.932505 -0.323031 -0.161511 -0.867135 0.464876 -0.178791 
0.967391 0.150613 -0.094135 0.871462 0.381403 0.308361 
0.931820 -0.157470 0.196815 -0.729046 0.584130 0.214755 
0.852803 0.369267 0.369281 0.714168 0.687208 -0.068721 
0.852802 -0.369275 -0.369275 0.394770 0.455842 -0.797724 
0.941072 0.132738 -0.219807 0.760567 0.609381 0.224037 
0.907165 -0.107183 0.271378 -0.674153 0.733402 0.059828 
0.790568 0.272149 0.548577 -0.328890 0.699423 -0.634538 
0.907166 0.107189 0.271375 0.674154 0.733400 -0.059827 
0.790569 -0.272142 0.548579 0.328894 0.699420 0.634539 
0.852803 0.369263 -0.369286 -0.394774 0.455839 0.797724 
0.941071 -0.132734 -0.219810 -0.760571 0.609378 -0.224033 
0.932500 0.324490 -0.158589 -0.682809 0.068045 0.727422 
0.967390 -0.150611 -0.094137 -0.871463 0.381402 -0.308359 
0.931818 0.157459 0.196824 0.729046 0.584128 -0.214753 
0.852803 -0.369274 0.369274 -0.714166 0.687210 0.068724 
0.621573 0.758663 0.195136 0.610611 0.791913 0.005174 
0.619458 -0.737335 -0.269460 -0.575371 0.795229 -0.191204 
0.395285 0.821583 0.410793 0.368984 0.927321 0.062656 
0.395284 -0.821580 -0.410800 -0.302615 0.916694 -0.260954 
0.519737 -0.157485 0.798062 -0.667362 0.584140 -0.363628 
0.341889 0.369251 0.864156 0.553584 0.687205 0.456415 
-0.341919 0.369295 0.864125 -0.284893 0.455794 -0.843260 
-0.510026 -0.132761 0.820857 0.696219 0.609362 -0.379417 
-0.010939 -0.821602 0.569957 -0.216612 0.927322 -0.305210 
0.833949 0.030113 -0.551020 0.276633 0.931115 0.237695 
0.577515 -0.758658 -0.301521 -0.435432 0.791913 0.428104 
-0.247504 -0.737343 0.628543 0.542038 0.795231 -0.271666 
0.864156 0.369251 0.341890 -0.843183 0.455889 0.284969 
0.820857 -0.132762 0.510029 -0.379353 0.609399 -0.696221 
-0.798077 -0.157438 0.519705 0.363692 0.584116 -0.667372 
-0.864124 0.369296 0.341921 -0.456424 0.687201 0.553582 
0.773576 -0.323038 0.545185 -0.486706 0.464885 -0.739593 
0.750620 0.150603 0.617468 0.398205 0.381391 0.834251 
0.833362 -0.107150 -0.449558 -0.434429 0.733378 0.519009 
0.946906 0.272186 -0.171125 -0.681291 0.699385 -0.216109 
0.301525 0.758658 0.577512 0.428110 0.791914 0.435425 
0.628546 -0.737341 0.247503 -0.271620 0.795227 -0.542068 
-0.570005 -0.821568 -0.010988 0.305220 0.927321 -0.216603 
0.551008 0.030150 0.833955 -0.237893 0.931145 0.276362 
0.449560 0.107151 0.833361 0.519009 0.733383 0.434421 
0.171128 -0.272186 0.946905 -0.216111 0.699390 0.681285 
-0.545161 -0.323021 0.773600 0.739576 0.464871 -0.486747 
0.617471 -0.150601 -0.750618 -0.834253 0.381390 0.398199 
-0.196815 -0.157471 0.931820 -0.214755 0.584130 -0.729046 
-0.369281 0.369267 0.852803 0.068713 0.687204 0.714172 
0.369286 0.369263 0.852803 -0.797724 0.455839 -0.394775 
0.219815 -0.132726 0.941067 0.224032 0.609377 -0.760571 
-0.410771 -0.821594 0.395285 0.062649 0.927322 -0.368983 
-0.195141 0.758661 0.621573 -0.005183 0.791913 0.610612 
0.979319 0.030129 0.200066 0.027318 0.931135 0.363651 
0.269456 -0.737336 0.619458 0.191204 0.795229 -0.575371 
0.161511 -0.323031 0.932505 0.178790 0.464876 -0.867136 
0.094117 0.150624 0.967394 -0.308365 0.381405 0.871459 
-0.271371 0.107205 0.907171 0.059823 0.733396 0.674159 
-0.548594 -0.272117 0.790568 -0.634542 0.699415 0.328899 
0.519107 -0.759955 0.391148 -0.571221 0.791576 -0.217056 
0.649068 0.759967 0.034084 -0.192945 -0.691714 -0.695920 
0.759039 -0.108253 0.564271 -0.654591 0.732313 -0.175398 
0.555557 0.273847 0.785089 -0.092865 0.698510 -0.709549 
0.135952 0.369294 0.919314 -0.668362 0.455821 -0.587809 
-0.031244 -0.132729 0.965893 0.413245 0.609373 -0.676678 
-0.431303 -0.157439 0.849117 -0.018733 0.584122 -0.759795 
-0.577397 0.369291 0.728173 -0.118458 0.687210 0.707619 
0.927672 -0.369275 -0.055329 0.643801 0.455842 -0.614596 
0.959492 0.132739 0.115315 0.638074 0.609382 0.470655 
-0.347965 0.759030 0.550267 -0.164000 0.791819 0.588325 
0.099945 -0.737337 0.668090 0.333600 0.795230 -0.506281 
-0.499137 -0.821565 0.275486 0.156025 0.927321 -0.340195 
0.894166 0.030144 0.446720 -0.067737 0.931135 0.358329 
0.931505 0.323036 0.167173 -0.891987 0.065951 0.447225 
0.941240 -0.150623 0.242427 -0.711166 0.382692 -0.589737 
-0.496650 0.107500 0.805827 -0.116976 0.733092 0.666873 
-0.734278 -0.272609 0.621707 -0.698246 0.699160 0.153712 
-0.085328 -0.323024 0.942536 0.397129 0.464876 -0.791315 
-0.159467 0.150622 0.958790 -0.523999 0.381767 0.761366 
0.808305 0.157459 0.503655 0.758529 0.584127 0.047547 
0.675074 -0.369274 0.638680 -0.694600 0.687212 -0.179672 
0.230947 0.821583 0.521214 0.325302 0.927321 0.185078 
0.511929 -0.821607 -0.250779 -0.193017 0.915995 -0.351707 
0.025981 -0.056301 0.992339 0.220853 -0.645173 -0.731420 
-0.168037 -0.464973 0.869231 -0.070892 -0.220507 -0.972806 
-0.099701 -0.487501 0.867411 0.401047 -0.353952 -0.844914 
0.308648 0.022586 0.946005 0.220171 -0.912113 -0.345796 
-0.445501 -0.638314 0.627761 0.316857 -0.002548 -0.948470 
0.279213 -0.076561 0.957172 -0.432463 -0.562145 -0.704960 
0.229907 -0.108255 0.959201 0.753874 -0.471320 -0.457746 
-0.654888 -0.375414 0.655885 0.246764 0.118379 -0.961818 
0.126158 -0.111400 0.965354 -0.535090 0.764664 -0.359120 
0.018153 0.060978 0.990304 0.480632 0.852410 -0.205851 
0.176619 -0.253913 0.950965 0.729164 -0.332453 -0.598160 
0.325168 0.023505 0.944978 0.825560 -0.516883 -0.226456 
-0.818474 -0.365871 0.442988 0.791340 0.335571 -0.511051 
-0.271339 -0.303449 0.913397 -0.222624 0.023806 -0.974614 
-0.132164 -0.184041 0.973993 -0.299832 0.684504 -0.664496 
0.342856 0.024433 0.938052 -0.512552 0.828957 0.223879 
-0.214221 0.162347 0.905044 0.546216 0.803511 -0.206027 
0.275503 -0.032269 0.958470 0.457495 0.870161 -0.169790 
-0.311553 -0.090826 0.940986 0.914843 0.312617 -0.255603 
-0.050990 -0.105689 0.986838 0.883807 0.326601 -0.334987 
-0.594394 -0.093969 0.792450 0.935712 0.275981 -0.219721 
0.563988 0.103377 0.819287 0.472279 -0.872474 0.125468 
0.540538 -0.139615 0.829654 -0.378932 -0.925054 0.026179 
-0.193376 -0.702732 0.684671 0.615519 -0.120101 -0.778918 
-0.624310 -0.616642 0.479573 0.639659 0.544858 -0.542186 
0.400472 0.152857 0.886306 0.901349 -0.432549 -0.021716 
0.317606 -0.150346 0.936228 -0.743381 -0.161728 -0.649021 
0.148389 -0.379547 0.913195 0.755075 -0.173227 -0.632341 
-0.686129 -0.519157 -0.509610 0.897033 0.295637 -0.328528 
0.528938 0.167485 0.831970 -0.112918 0.744642 0.657843 
0.496366 -0.120202 0.824031 0.485207 0.859950 -0.146825 
-0.326244 -0.313988 0.891615 -0.037396 0.655586 -0.754194 
-0.329836 0.279904 0.699751 0.616218 0.728148 -0.141390 
0.187395 -0.127774 0.964685 0.867650 0.324075 -0.377039 
0.862076 0.129692 -0.470659 0.957616 0.216961 -0.189469 
0.749580 0.217463 0.625172 0.753026 -0.594964 0.281015 
0.805794 -0.010674 0.592100 0.246753 -0.811878 0.529119 
-0.424172 -0.677637 0.600738 0.623279 0.398148 -0.625691 
-0.288240 -0.937448 -0.195217 0.808186 0.447164 -0.383249 
0.427926 0.296693 0.853728 0.957226 -0.281881 0.065282 
0.554460 -0.175048 0.813592 -0.785146 -0.483238 0.387333 
0.175713 -0.476181 0.861613 0.803726 -0.024014 -0.594515 
-0.358474 -0.516692 -0.777512 0.958388 0.273073 -0.083210 
0.689805 0.275976 0.669332 0.264326 0.660810 0.702469 
0.634892 -0.203346 0.619541 0.534838 0.825892 -0.176482 
-0.391794 -0.513756 0.763251 0.185440 0.662880 -0.725398 
-0.459810 0.548689 0.698223 0.691960 0.721891 0.007990 
0.403461 -0.151486 0.888389 0.848040 0.302797 -0.434904 
0.966628 0.177008 -0.019673 0.952118 0.236461 0.193798 
0.699773 0.571601 0.428474 0.929796 -0.323747 0.175123 
0.955449 0.090685 0.280881 0.714164 -0.548424 0.434973 
0.102204 -0.944762 0.311416 0.743648 0.508232 -0.429984 
-0.093789 -0.944702 -0.314232 0.909083 0.390874 -0.144169 
0.411593 0.414511 0.811647 0.990834 -0.125677 0.049523 
0.836926 -0.122532 0.533424 0.179789 -0.457524 0.870831 
0.216491 -0.445336 0.698636 0.773794 0.108753 -0.485231 
-0.231349 -0.520925 -0.821654 0.988064 0.154044 -0.000707 
0.772693 0.404663 0.489074 0.491911 0.646751 0.582870 
0.661149 -0.281609 0.393363 0.555151 0.768941 -0.264772 
-0.455486 -0.629434 0.629560 0.227952 0.745700 -0.626074 
-0.520309 0.657522 0.544925 0.745878 0.648770 0.150878 
0.595722 -0.173226 0.763262 0.822919 0.265395 -0.502364 
0.897478 0.194676 0.340123 0.963428 -0.003420 -0.267944 
0.935385 -0.268240 -0.230439 0.825808 0.486691 0.284907 
0.768023 -0.553417 0.322289 0.535555 0.740504 -0.405998 
0.345182 0.496615 0.796381 0.999578 0.017929 -0.022848 
0.527167 0.803861 0.275505 0.994668 -0.095398 -0.039181 
0.869367 0.468521 -0.157127 0.931468 -0.341939 0.124281 
0.980146 -0.079514 0.181634 0.732473 -0.337265 0.591385 
0.762343 -0.189523 0.586689 0.796351 0.211159 -0.566778 
0.309012 0.000000 0.951058 0.951059 0.000000 -0.309009 
0.312102 0.000000 0.950049 0.851965 0.000000 -0.280078 
0.062569 0.000000 0.998024 1.000000 0.000000 -0.000715 
0.035009 0.000000 0.999386 0.963115 0.000000 -0.269090 
0.762361 0.189463 0.586513 0.637121 0.242127 0.731745 
0.457718 -0.747954 0.480686 0.983272 0.122627 -0.134682 
0.746436 0.575417 0.334259 0.608424 0.688217 0.395192 
0.318259 -0.427416 0.684304 0.834144 0.237665 -0.433360 
0.869267 -0.277267 -0.409265 0.934115 0.163671 0.317239 
0.723650 -0.653440 0.222141 0.849721 0.496501 -0.177373 
0.799970 -0.568427 -0.192194 0.899824 0.410439 0.147839 
0.897551 -0.194761 0.340357 0.791971 0.129129 -0.596748 
0.595753 0.173196 0.763180 0.311792 0.257649 0.914550 
0.111824 0.825543 0.553149 0.938951 0.024462 -0.343181 
0.732092 -0.661520 0.162579 0.500961 0.670861 -0.546795 
0.661688 -0.520183 0.539980 0.632250 0.697574 -0.317578 
0.725166 0.454244 0.517491 0.595192 0.585369 0.550536 
0.217397 0.445619 0.698789 0.920625 0.145080 -0.095941 
-0.227570 0.520948 -0.822694 0.826388 0.184660 -0.531962 
0.399679 -0.365031 0.724623 0.854008 0.350440 -0.367700 
0.982502 -0.151194 0.108768 0.716245 0.221835 0.661651 
0.104463 0.944759 0.310673 0.903978 0.372434 -0.161077 
-0.090898 0.944684 -0.315135 0.834785 0.377812 -0.400490 
0.837960 -0.371941 0.399354 0.790096 0.612429 0.026057 
0.932440 -0.303894 0.195460 0.733675 0.524086 0.432497 
0.966824 -0.177145 -0.019331 0.950193 -0.092962 -0.297475 
0.403483 0.151477 0.888369 -0.219733 0.298648 0.928723 
-0.187203 0.661823 0.725910 0.732918 0.644942 -0.034425 
-0.846763 0.446597 0.289039 0.410464 0.592245 -0.693372 
0.564882 -0.280501 0.591911 0.609939 0.762199 -0.216660 
0.667353 0.273167 0.692835 0.332174 0.636917 0.695699 
0.136650 0.413680 0.761364 0.924864 0.271745 -0.170120 
-0.355006 0.516448 -0.779264 0.787012 0.055711 -0.614417 
0.430305 -0.269278 0.801782 0.843645 0.437452 -0.311168 
0.862463 -0.092426 0.497609 0.308849 0.309410 0.899376 
-0.422147 0.679498 0.600062 0.739303 0.558372 -0.298858 
-0.286038 0.937766 -0.196918 0.706269 0.312808 -0.635087 
0.752968 -0.209023 0.623978 0.646978 0.749598 0.139721 
0.829600 -0.169051 0.532152 0.425964 0.675983 0.601333 
0.862403 -0.129844 -0.470373 0.075425 0.193554 -0.978186 
0.187341 0.127795 0.964713 -0.893464 0.319913 0.315243 
0.508965 -0.158198 0.797384 0.562348 0.804684 -0.167558 
-0.158059 0.350423 0.677532 0.673076 0.722409 -0.142747 
0.496381 0.120172 0.824021 -0.072280 0.763875 0.641304 
-0.290843 -0.475566 0.830209 0.179739 0.588887 -0.787975 
0.401556 -0.151976 0.885347 0.822433 0.493566 -0.276600 
0.110406 0.338374 0.847539 0.893954 0.379365 -0.225334 
0.188790 0.213487 0.929208 -0.293787 0.433113 0.852117 
-0.684041 0.519225 -0.512341 0.605190 0.021654 -0.795786 
-0.428885 0.381229 0.818976 0.619474 0.611271 -0.492544 
-0.623885 0.618239 0.478067 0.452397 0.356857 -0.817307 
0.566448 -0.096289 0.818453 0.459542 0.882205 0.102640 
0.606721 -0.079419 0.790937 0.014918 0.850416 0.525900 
0.103665 0.054215 0.991461 -0.917136 0.328035 0.226394 
-0.594694 0.094081 0.792332 0.024465 0.115785 -0.992973 
0.066911 -0.041444 0.995957 -0.366596 0.143978 -0.919172 
0.342851 -0.024441 0.938054 0.529836 0.822333 -0.166456 
-0.064741 0.240079 0.868125 0.594934 0.780073 -0.189298 
0.275417 0.032429 0.958496 -0.476035 0.872116 0.113159 
-0.156839 -0.283123 0.946173 -0.122765 0.644567 -0.754627 
0.325530 -0.023269 0.944838 0.810116 0.516350 -0.263838 
0.146959 0.232073 0.922730 0.851466 0.458555 -0.253915 
0.086826 0.104726 0.983324 -0.654344 0.271608 -0.705736 
-0.819053 0.366558 0.441346 0.294115 0.043231 -0.954792 
0.126181 0.111434 0.965352 0.539608 0.814022 -0.186335 
0.037436 -0.094994 0.975693 -0.422786 0.768874 -0.479671 
0.229246 0.107855 0.959193 0.819463 0.504713 -0.261811 
-0.004587 -0.029481 0.998977 -0.167299 0.132861 -0.976913 
0.306078 -0.030408 0.946936 0.314961 0.944033 -0.097988 
-0.229050 0.207908 0.950952 0.434433 0.755904 -0.489772 
0.275324 0.069436 0.936921 -0.312700 0.944099 0.104384 
-0.417677 0.385400 0.822808 0.094357 0.517407 -0.850522 
0.028501 0.063751 0.979091 0.307405 0.885834 -0.347562 
0.003081 -0.026919 0.996316 -0.245735 0.714968 -0.654549 
