0.228816 0.597162 0.414272 0.487014 -0.501150 0.697987 
-0.004530 -0.283477 0.958920 0.442264 0.771937 0.226310 
0.350086 0.633855 0.689687 0.172718 0.654989 -0.689465 
0.279507 -0.544570 0.633286 -0.362323 0.120066 -0.370167 
0.365141 0.743146 0.487060 0.794661 -0.237265 0.081567 
0.901207 0.145398 -0.137570 -0.337766 0.786998 0.053837 
-0.007144 0.769920 0.411075 0.825669 0.350107 -0.387042 
0.773075 0.146156 -0.608486 -0.198499 0.970507 -0.041290 
-0.005542 0.932687 0.207056 0.306796 0.344599 -0.538295 
0.654075 0.022070 -0.703697 -0.443092 0.819530 -0.354125 
0.441598 -0.213732 -0.673077 -0.574713 0.669929 -0.425287 
0.216384 -0.692983 -0.217101 -0.184427 0.592092 0.203482 
0.209237 0.003525 0.831538 0.728951 -0.526935 0.084157 
0.623758 -0.680828 -0.189916 -0.255845 0.258107 -0.150233 
0.892830 -0.439960 -0.062085 0.272204 0.403170 0.857288 
0.005683 0.206627 0.729514 0.975461 -0.215935 0.019194 
-0.577420 0.815970 0.016151 0.232527 0.195759 -0.751985 
-0.492726 0.840937 0.033109 0.270886 0.387051 -0.325108 
-0.020235 0.969129 -0.044879 0.845626 0.116157 -0.270344 
0.653772 0.751281 0.090330 0.621778 -0.569312 0.233661 
0.708813 0.571187 0.284010 0.374674 -0.421494 0.558011 
0.661206 0.722226 -0.086339 0.269874 -0.015366 0.800642 
-0.354795 -0.031650 0.846639 0.690969 0.321122 -0.000881 
0.379482 0.576641 0.671508 -0.011495 -0.063500 -0.318353 
0.754278 0.598370 -0.269474 0.188794 0.188111 0.926341 
0.452025 0.382961 0.197836 -0.060219 0.384167 0.844808 
0.562318 -0.059392 -0.676770 0.578053 0.605758 0.527430 
0.745430 -0.319922 -0.566220 0.647188 0.489660 0.583440 
0.199333 0.292223 0.344244 0.792374 -0.308161 -0.511565 
-0.144321 0.116726 0.829736 0.974326 -0.066535 0.045464 
0.954864 -0.222649 0.110353 -0.051991 0.411227 0.865698 
0.853318 -0.455426 0.225448 -0.108394 0.244892 0.958006 
-0.778973 0.401553 -0.113830 0.432208 -0.058981 -0.662549 
0.881681 -0.311677 -0.295642 0.156099 0.367218 0.558489 
0.884858 -0.247696 0.341120 -0.293432 0.302736 0.894484 
0.908124 -0.140689 0.371958 -0.303209 0.361207 0.678522 
0.785935 -0.221492 0.436684 -0.392499 0.194414 0.893170 
-0.722609 0.262060 -0.357938 -0.248187 0.088288 0.932369 
0.834174 -0.309444 0.271025 -0.366762 -0.300734 0.877731 
-0.504869 0.570515 -0.428793 -0.647357 -0.372201 0.597615 
-0.447135 0.829839 -0.326944 0.832424 0.264189 -0.415433 
0.845643 0.229852 -0.338025 -0.218514 0.772892 -0.434698 
-0.052948 0.916552 -0.388848 0.957899 -0.036565 -0.171636 
-0.233157 0.888928 -0.385080 0.886341 0.061573 -0.322867 
0.132846 0.856343 -0.416651 -0.337814 0.330443 -0.009445 
-0.102289 -0.832697 0.450033 -0.411102 0.317218 -0.084686 
0.864481 -0.486388 0.034848 0.397590 0.782215 -0.288064 
0.025770 0.938320 -0.343807 0.992944 -0.044656 -0.039631 
0.037976 0.937444 -0.344984 0.998535 -0.031600 0.026801 
0.716025 0.645425 -0.139848 0.535949 -0.654958 0.358595 
0.875243 -0.468226 0.039422 0.420157 0.838384 -0.198873 
0.037480 0.947278 -0.318209 0.995168 -0.008632 0.091657 
0.990592 -0.128484 0.035959 -0.130820 -0.809325 0.298683 
0.910250 -0.131245 0.284143 0.258480 0.919658 -0.244125 
-0.298594 0.880060 -0.352682 0.771386 0.248409 0.142902 
0.728290 0.653949 -0.093983 0.550641 -0.632814 0.451789 
0.709196 -0.463401 0.467612 0.271031 0.633153 -0.164536 
0.780225 -0.296121 0.543219 0.368327 0.474053 -0.137093 
0.804144 0.590163 -0.020412 0.453476 -0.643122 0.496014 
0.840471 0.316895 0.347035 0.217172 0.537770 -0.549817 
0.773539 0.623024 -0.050127 -0.006687 0.118489 -0.464191 
0.710150 0.638876 -0.284240 0.273011 0.135527 0.885431 
0.769875 0.625772 -0.066557 0.028356 0.067739 -0.452661 
0.738225 0.613651 -0.278410 0.153403 0.238521 0.948256 
0.734127 0.514781 -0.437925 0.273254 0.357541 0.889763 
0.777983 0.471310 -0.378071 0.048952 0.609783 0.667449 
0.836928 -0.060959 -0.391988 0.129299 0.791882 0.486067 
0.818310 -0.361521 -0.446826 0.476244 0.528290 0.439608 
-0.539461 0.741699 0.392744 0.692936 0.416711 0.256454 
-0.489489 0.682346 0.461304 0.869566 0.391233 0.209650 
0.937046 -0.141134 -0.095040 -0.010367 0.606749 0.614459 
0.243502 0.394981 0.634519 0.902824 -0.415246 -0.109508 
0.189394 0.186272 0.672613 0.874766 -0.477628 -0.068447 
0.668256 -0.330277 0.572157 -0.269821 0.147596 -0.160347 
-0.608104 0.309116 -0.383459 0.269221 -0.212071 0.589591 
-0.642910 0.439591 -0.493445 -0.477671 -0.328490 0.680910 
-0.350415 0.786662 -0.447943 -0.495285 -0.245715 0.359184 
-0.644843 0.657215 -0.054822 -0.504946 -0.669606 0.413141 
-0.629717 0.589874 -0.411925 -0.442055 -0.154497 0.766781 
-0.487289 0.521713 -0.262128 0.374003 -0.410002 0.353795 
-0.436667 0.840323 -0.309078 -0.153388 -0.054808 0.330757 
-0.263416 -0.648061 0.453605 -0.448621 0.696817 0.057397 
-0.290590 0.941487 0.112557 -0.589750 -0.126345 0.351284 
-0.260832 -0.780223 0.473730 -0.559398 0.566449 0.263453 
0.467707 0.584037 -0.269388 -0.281125 0.716686 0.604418 
0.354701 0.625796 0.034746 0.487860 -0.650818 -0.456600 
-0.389326 -0.510930 0.413711 -0.357827 0.850507 0.219835 
-0.476224 -0.331309 0.368979 -0.175811 0.929899 0.275297 
0.706154 0.646449 -0.026666 -0.144188 0.527255 0.204593 
0.426427 0.788541 -0.126879 0.515018 -0.142935 -0.707022 
0.566081 0.710027 -0.404542 -0.317922 0.379528 0.424468 
-0.047984 0.924357 -0.338250 -0.040176 0.242265 0.876096 
0.009539 0.969073 0.245785 -0.161423 -0.241874 0.953680 
-0.052980 0.905685 -0.377437 -0.234120 0.136581 0.690486 
0.551770 0.716600 -0.401340 -0.172301 0.070912 0.233950 
0.727218 0.543907 -0.119332 0.006798 0.597526 0.366685 
0.487062 0.758918 -0.432050 -0.016884 0.408451 0.681410 
0.334399 0.789404 -0.466877 -0.081335 0.362971 0.785350 
-0.287991 -0.350465 0.792950 -0.145100 0.808245 0.011831 
0.114150 0.809310 -0.476126 0.092075 0.293042 0.833355 
-0.188592 -0.407248 0.832941 -0.260222 0.637424 -0.028900 
-0.277357 0.537467 -0.153671 0.316955 -0.561260 0.482125 
0.541897 -0.075540 0.765240 -0.391406 0.524294 -0.006270 
-0.210173 0.791753 0.439929 0.768348 -0.225197 0.511634 
0.266674 0.595884 0.606130 0.816704 -0.542727 0.028874 
0.019840 -0.281556 0.947891 -0.169444 0.592504 0.057092 
-0.300854 0.571725 -0.378030 0.162672 0.168213 0.873557 
-0.015905 0.640439 0.178016 0.626606 -0.379156 0.656089 
-0.137428 0.665465 -0.143397 0.299891 -0.020050 0.917987 
0.337955 0.556867 0.406975 -0.190269 0.763981 0.075456 
0.452749 0.498711 0.309657 -0.140364 0.838361 -0.003388 
-0.216559 0.975735 0.013472 0.641389 0.152746 0.489892 
0.739182 0.289848 0.392727 -0.476007 0.863380 0.113846 
0.244890 0.856966 -0.061915 0.569751 -0.193410 0.781285 
0.582508 0.750146 -0.311497 0.745367 -0.454877 0.257829 
0.415498 0.849100 -0.146653 0.607187 -0.211034 0.755051 
0.123917 0.954536 -0.169458 0.957833 -0.097907 0.256127 
0.518456 0.808189 -0.075503 0.807649 -0.374811 0.293043 
0.170203 0.954081 -0.141790 0.852400 -0.038106 0.481306 
0.202301 0.380746 0.006230 0.030823 0.914356 -0.096241 
0.327631 0.770047 -0.058388 0.177482 -0.579867 0.281364 
0.121540 0.988062 0.076295 0.326373 -0.122080 0.461918 
0.056621 0.966017 0.181775 0.641596 -0.226753 0.446149 
0.903045 -0.200693 0.239655 0.268413 0.813279 0.234844 
0.851152 0.234199 0.291513 -0.479799 0.702987 0.384692 
0.989101 0.109545 -0.081799 -0.060029 0.780049 0.533520 
0.973481 0.149165 -0.171723 -0.040614 0.850923 0.478748 
0.954354 0.146098 -0.179460 -0.062826 0.924829 0.372579 
0.953883 0.139993 0.133905 -0.153873 0.943877 0.275656 
0.983489 -0.136143 0.061559 0.160957 0.774376 0.132095 
0.972381 0.113253 -0.142976 -0.110589 0.961683 0.183683 
0.078957 0.989099 -0.100957 0.364152 0.086151 0.663625 
0.606173 0.331119 0.403897 -0.198843 0.943424 -0.144212 
0.927093 0.115788 0.187284 -0.141019 0.988692 0.043373 
0.888186 -0.454923 -0.062644 0.368280 0.730988 0.056283 
0.291916 0.857057 -0.307119 0.377118 0.215057 0.898660 
-0.062650 0.976928 -0.204130 0.447176 0.179177 0.730055 
-0.098551 0.983263 -0.119402 0.837698 0.144786 0.525689 
0.902285 0.056828 0.226633 -0.053314 0.998311 -0.001231 
0.990224 0.092459 -0.060888 -0.097107 0.987091 0.068916 
-0.472791 0.795329 0.350970 0.862950 0.504852 0.020454 
0.908630 0.164763 -0.260829 -0.073954 0.939679 0.333962 
0.931840 0.030714 -0.239865 0.164199 0.806902 0.114364 
-0.505537 0.843305 0.180770 0.838417 0.515157 -0.079935 
0.982880 0.089368 -0.160383 -0.073761 0.987458 0.087740 
0.990261 0.081933 -0.037837 -0.089546 0.985608 0.094008 
-0.399530 0.900861 0.137700 0.833022 0.407673 0.019295 
-0.403732 0.893735 0.190196 0.819102 0.376980 0.069199 
-0.317054 0.905882 0.280625 0.869715 0.256150 0.169825 
-0.513582 0.790440 0.195181 0.635930 0.517504 0.274603 
-0.510203 0.770967 0.078742 0.662800 0.612916 0.168364 
-0.540119 0.761221 0.067648 0.647741 0.638956 0.091038 
-0.226684 0.965605 0.043225 -0.488613 -0.006486 0.000657 
-0.599461 0.742012 0.170578 0.709798 0.664484 -0.179808 
-0.180278 0.969854 0.067573 -0.688399 -0.035732 0.209448 
0.719848 -0.493649 -0.478775 0.301219 0.786517 -0.423752 
-0.204766 0.975854 -0.060878 -0.692847 -0.093494 0.689103 
-0.352430 0.719955 0.049435 -0.131557 -0.418503 0.823576 
0.539897 -0.669191 -0.359661 -0.043194 0.581518 -0.508099 
0.804933 -0.212146 -0.534479 0.134388 0.884102 -0.250130 
0.762125 -0.470241 -0.174050 0.494150 0.866428 -0.043544 
0.721804 -0.544978 -0.250312 0.523031 0.783204 0.187848 
0.845727 0.083292 -0.442498 0.017151 0.966985 0.248776 
0.830737 -0.244193 -0.436931 0.293543 0.948373 -0.035820 
0.572189 -0.046101 -0.797814 -0.220600 0.880290 -0.115812 
0.759247 -0.001469 -0.647506 -0.014098 0.977959 -0.039415 
0.786780 0.049553 -0.600071 0.021562 0.890474 0.194736 
-0.707740 0.696168 -0.119955 -0.432729 -0.297617 0.836472 
-0.280750 0.948085 -0.134931 -0.465046 -0.003520 0.872955 
-0.145790 0.849889 -0.113157 -0.295645 -0.109062 0.898235 
-0.264046 0.789811 0.104977 0.015495 -0.306964 0.910150 
0.592450 -0.567405 -0.075682 -0.339390 0.185450 0.673229 
0.653344 -0.747342 -0.028854 0.379407 0.425061 -0.705899 
0.662746 0.014892 -0.745621 -0.167379 0.976497 -0.132120 
-0.623927 0.764918 0.102005 -0.564784 -0.491779 0.592380 
-0.435519 0.594135 0.507414 -0.592468 -0.514385 0.460004 
-0.563989 -0.473304 0.539110 0.020489 0.622679 0.746164 
0.707756 0.636180 -0.299437 0.042455 0.342034 0.893146 
0.694614 0.684811 -0.095490 -0.082397 -0.035355 0.673262 
-0.278983 -0.280637 0.687491 0.332245 0.756484 0.550307 
-0.431960 0.030312 0.850252 0.097951 0.890117 0.163708 
-0.538943 -0.319008 0.616868 -0.338773 0.904485 0.242439 
0.747640 0.611246 0.091141 0.171568 0.199775 -0.313805 
0.401595 0.737717 0.070590 -0.125526 -0.346769 0.805752 
0.195698 0.398956 -0.457390 0.004350 0.799671 0.597360 
-0.452681 0.270594 0.799244 -0.019763 0.756470 -0.031844 
-0.579958 -0.058358 0.510152 -0.416611 0.866565 -0.036936 
-0.700768 0.696164 -0.096384 -0.557371 -0.547112 0.526786 
-0.699905 0.614296 -0.257622 0.704321 0.551560 -0.401008 
0.908998 -0.389942 -0.137292 -0.099492 -0.413972 0.725930 
-0.746187 0.482830 -0.240802 -0.437136 -0.458187 0.749343 
-0.737710 0.610131 -0.140537 -0.414033 -0.458433 0.726033 
-0.694427 0.711358 -0.023539 -0.382991 -0.348727 0.855137 
-0.307335 0.829470 0.086742 -0.428666 0.088042 0.689335 
-0.003427 0.694037 0.058896 -0.240550 0.264117 0.874377 
0.081667 0.527836 -0.342610 0.142497 0.593342 0.789096 
0.633770 0.265529 0.546384 0.060023 0.911469 -0.375898 
0.722297 0.377951 0.412560 0.253241 0.630898 -0.583090 
-0.428940 0.854812 -0.088958 -0.152986 0.209780 0.711498 
-0.344377 0.807748 -0.293006 0.263560 0.506412 0.787800 
-0.565918 0.747152 -0.287765 0.523563 0.608197 0.593201 
0.835501 0.506117 0.204401 -0.474680 0.852713 -0.198841 
-0.623103 0.777209 -0.074528 0.557322 0.516357 0.632940 
-0.654870 0.752650 0.032096 0.696386 0.616866 0.248955 
-0.188910 0.758128 -0.025893 0.954732 0.281471 -0.078117 
0.139431 -0.678888 -0.065710 0.942693 0.289174 -0.147655 
0.984961 -0.156840 0.072471 0.099929 0.838024 0.460062 
0.880290 -0.247026 0.327719 -0.008495 0.844588 0.457485 
0.784087 -0.307695 -0.040387 -0.014575 0.858331 0.003399 
0.959110 0.122773 0.253876 -0.083019 0.979626 -0.167156 
-0.518314 0.806754 -0.254686 0.647991 0.506442 0.453868 
0.457596 -0.339418 0.142475 0.067350 0.921275 0.227391 
0.757023 -0.421262 0.283299 0.174174 0.803072 -0.088606 
0.838498 -0.186236 0.485837 0.385766 0.838829 -0.373762 
0.715013 -0.449917 0.481324 0.279428 0.637470 -0.159290 
0.485012 -0.556830 0.315761 0.229418 0.808528 0.056463 
-0.319250 0.901754 -0.202114 0.773163 0.242732 0.349875 
-0.551854 0.622386 -0.311743 0.498028 0.165276 0.482006 
0.527527 -0.633056 0.482183 0.467735 0.765182 0.283290 
0.293302 -0.639449 0.462075 0.067304 0.749386 0.516261 
0.228603 -0.548219 0.533605 0.273311 0.820660 0.424997 
-0.271248 0.475660 -0.576962 0.530999 0.793200 0.268736 
0.701680 -0.341432 0.496357 0.616118 0.694079 -0.124637 
0.895008 -0.372516 0.215862 0.429131 0.692295 -0.324961 
0.938308 0.254989 -0.231458 -0.316861 0.813810 -0.340732 
0.822220 -0.457210 -0.140052 0.239877 0.818354 -0.232547 
0.453094 -0.527354 0.630306 -0.238841 0.701594 0.540316 
0.690089 -0.450637 0.309162 -0.258522 0.573280 0.503740 
-0.297569 0.926226 0.220134 0.374265 -0.105532 0.804051 
-0.391158 0.812176 0.336230 0.546538 -0.163124 0.738790 
-0.446100 0.676699 0.499860 0.608981 -0.244450 0.578493 
0.545600 -0.685112 0.378318 -0.006691 0.571539 0.609266 
0.805351 -0.580206 0.027840 0.358745 0.432789 0.674670 
0.640901 -0.652688 0.311233 0.113267 0.600418 0.579099 
0.372690 -0.623339 0.439869 0.155997 0.768088 0.473138 
0.326122 -0.487741 0.530183 0.370785 0.842819 0.351172 
0.420940 -0.408160 0.567041 0.536442 0.814472 0.218966 
0.602694 -0.394638 0.526167 0.629006 0.739427 0.037647 
0.819915 -0.512212 0.240293 0.540592 0.732090 -0.142480 
0.825327 -0.546578 0.004012 0.439644 0.770877 -0.193500 
0.943149 -0.187036 -0.198945 0.076711 0.926786 -0.271866 
0.689825 -0.400591 -0.344637 0.309260 0.915109 -0.105403 
0.737348 0.619658 -0.101239 -0.608711 0.716870 0.308087 
0.550135 -0.237219 -0.457223 0.403012 0.904606 0.118798 
-0.468765 0.688839 0.443026 0.117746 0.440495 0.100184 
0.979017 0.051183 -0.108006 0.020047 0.915744 0.002495 
-0.214725 0.950737 0.219962 0.968697 0.226949 -0.051109 
-0.202887 0.887848 0.362813 0.902289 0.333360 -0.240720 
0.727894 -0.140632 -0.372026 0.517880 0.728594 0.379419 
-0.190349 0.915306 0.331140 0.810975 0.263317 -0.061440 
-0.220419 0.858024 0.425212 0.952533 0.158114 0.228759 
0.913646 -0.323212 -0.060753 0.334847 0.438819 0.650820 
-0.324507 0.734210 0.494241 0.833847 -0.067753 0.505372 
0.866512 -0.319703 -0.143837 0.459749 0.634037 0.520651 
0.726587 -0.385523 -0.308361 0.473076 0.863936 0.154393 
0.849415 -0.489037 -0.036697 0.495116 0.816955 0.290894 
0.834613 -0.537287 0.112716 0.332299 0.603050 0.585507 
0.669493 -0.559059 0.393321 0.436355 0.824262 0.340393 
0.881390 -0.459055 0.097684 0.451419 0.865355 -0.109706 
0.938834 0.086561 0.097899 -0.234402 0.868982 0.096168 
0.772494 0.513089 0.217196 -0.544848 0.784226 0.267072 
0.769212 0.564538 0.171761 -0.580824 0.751791 0.291109 
-0.191406 0.971027 0.117458 0.803220 0.118662 -0.074735 
-0.152449 0.971523 0.177606 0.902424 0.115266 0.058792 
-0.229846 0.945605 0.226256 0.295909 0.032299 0.333787 
-0.273984 0.933904 0.217591 0.317023 -0.137172 0.908744 
0.220976 0.954533 0.182062 -0.700899 0.161315 0.292297 
0.074810 0.821970 0.558654 0.817179 0.087148 -0.157579 
0.688635 0.317845 0.204984 -0.387217 0.877502 0.262066 
0.631967 0.330151 0.148196 -0.437850 0.895044 -0.084256 
0.703180 0.460119 -0.004329 -0.387950 0.841796 -0.308521 
-0.094701 -0.792761 0.577149 -0.460053 0.215306 -0.035703 
-0.596984 -0.544013 0.166700 -0.277896 0.749296 -0.305769 
-0.507990 -0.379536 -0.060868 -0.264823 0.920594 -0.093453 
-0.596346 -0.190776 -0.096727 -0.240367 0.942368 0.220436 
-0.790416 -0.105819 0.157586 -0.179715 0.806722 0.511243 
0.035687 0.735034 0.671985 0.373679 0.219102 -0.149740 
-0.064611 0.828137 0.521657 0.766595 0.365799 -0.332980 
0.442523 0.748745 0.095306 -0.274728 0.439531 0.649434 
-0.718321 -0.085664 0.328613 -0.044888 0.920340 0.368632 
0.454680 0.730250 -0.086406 -0.389800 0.577914 0.606195 
-0.558387 -0.272682 0.069253 -0.138985 0.961771 0.032398 
-0.516929 -0.523803 0.293336 -0.190701 0.720286 -0.294608 
0.055407 0.768235 -0.634824 -0.454574 0.115537 0.183400 
0.262348 0.872307 -0.364901 -0.529495 0.423233 0.270134 
-0.021358 0.711922 -0.680153 -0.506757 0.134161 0.353925 
-0.182783 0.775503 -0.490128 -0.350821 0.052373 0.678024 
-0.120310 0.820209 -0.484698 -0.394586 0.067504 0.607241 
0.239552 0.922671 -0.261594 -0.339119 0.368884 0.684489 
0.060270 0.975528 0.207616 -0.612646 -0.031178 0.175627 
0.049910 0.976261 0.195841 -0.772943 -0.093337 0.526245 
0.082868 0.985748 0.112908 -0.759658 -0.029425 0.590023 
-0.064160 0.805493 0.585569 0.675501 0.469028 -0.560198 
0.003260 0.975166 0.199975 -0.638745 -0.163742 0.736027 
0.105082 0.945096 0.294123 -0.429706 -0.150455 0.778304 
0.160038 0.807726 0.525968 -0.408202 -0.280287 0.739329 
0.271740 0.911707 -0.262530 -0.175021 0.360916 0.742906 
-0.061087 0.905007 -0.375773 -0.240349 0.158256 0.732090 
0.032060 0.939652 -0.328506 -0.033652 0.261253 0.862473 
0.007789 0.986412 0.145855 -0.367463 -0.147529 0.876983 
0.036664 0.973990 0.210416 -0.718398 -0.129837 0.646165 
0.078647 0.975749 0.203666 -0.583099 -0.119042 0.780739 
0.080293 0.980920 0.176255 -0.319156 -0.141410 0.936230 
-0.022339 0.979986 0.158523 -0.115817 -0.146996 0.975937 
-0.039620 0.972279 0.184994 0.097370 -0.131529 0.938337 
0.012491 0.982938 0.160276 0.275125 -0.141915 0.937505 
-0.068788 0.974760 -0.212380 0.476318 0.192936 0.735789 
-0.042421 0.970318 -0.236121 0.471948 0.211586 0.726175 
0.066643 0.982215 0.171834 0.204720 -0.152511 0.877187 
0.077696 0.980537 0.179285 -0.011938 -0.163233 0.932339 
0.047353 0.958014 0.281152 0.971655 -0.027702 -0.092532 
-0.034938 0.908187 0.394061 0.941905 -0.039303 0.060262 
-0.115560 0.954635 0.269781 0.899711 0.008742 0.390734 
-0.150634 0.954367 0.256167 0.859951 -0.001816 0.501559 
0.153890 0.972697 0.163623 0.181102 -0.195581 0.801287 
-0.163322 0.882597 -0.413373 0.149297 -0.038261 0.216609 
0.005007 0.955966 -0.002654 0.183986 -0.143345 0.850428 
-0.220501 0.971577 -0.073546 0.332892 0.147211 0.449774 
0.459092 0.834228 0.129614 0.657878 -0.206125 0.349905 
0.669555 0.674386 0.295631 0.277803 -0.507422 0.275141 
-0.286386 0.863555 -0.239188 0.319910 -0.183530 0.231068 
0.764910 0.621138 0.120028 0.527810 -0.568079 0.185658 
0.971069 0.231999 0.056051 -0.176899 0.805359 -0.195427 
-0.326768 0.777575 -0.117383 0.695811 -0.071087 0.357068 
0.099286 0.971143 0.209647 0.836196 -0.198779 0.474668 
-0.289633 0.938687 -0.123238 0.566799 0.311205 0.704567 
-0.252122 0.958911 -0.110125 0.195414 0.164494 0.445278 
-0.249506 0.957963 -0.128276 0.088425 0.160508 0.707383 
0.979332 0.090915 0.038067 -0.085072 0.994904 -0.044467 
0.923674 0.180827 -0.200243 -0.328714 0.798444 -0.134784 
0.979775 0.089308 -0.175957 -0.100903 0.992883 -0.050784 
0.921285 -0.250312 -0.149985 0.112999 0.900849 -0.289050 
-0.529865 0.654433 -0.167882 0.846855 0.440434 -0.075139 
-0.231411 0.972223 -0.027980 -0.362104 -0.065183 0.026295 
-0.222940 0.965411 -0.125956 -0.436482 -0.147192 -0.009412 
-0.563688 0.679795 -0.205088 0.807576 0.561196 0.012716 
0.032344 0.972496 -0.185342 0.986495 -0.050571 -0.141494 
-0.218646 0.972946 -0.066135 -0.727716 -0.127126 0.198818 
-0.228856 0.967463 -0.107859 -0.648554 -0.069638 0.753409 
0.047557 0.919143 -0.178495 -0.491040 -0.097782 0.593655 
0.138962 0.971611 0.186435 -0.141582 -0.171871 0.949751 
-0.083625 0.945056 0.141432 0.208161 0.322456 -0.551259 
-0.110524 0.977170 0.165288 0.671414 0.043991 0.453545 
0.170433 0.968047 0.160594 0.870616 -0.217647 0.157863 
0.475013 0.820517 0.026472 0.825172 -0.317351 0.181982 
0.186549 0.964705 0.072796 0.632753 -0.247802 -0.055974 
0.945729 0.271995 -0.081613 -0.320957 0.844840 -0.096313 
-0.008638 0.545123 -0.056782 0.929521 -0.259430 -0.203738 
0.223513 0.837818 -0.151341 0.971566 -0.221263 0.071838 
0.125266 0.723504 -0.128610 0.979501 -0.045082 0.167220 
-0.107908 0.982401 -0.150029 0.896365 0.040917 -0.322301 
0.242682 0.957731 -0.064568 -0.499125 0.048156 0.447455 
0.137898 0.976234 0.012704 -0.586593 -0.054194 0.172461 
-0.109492 0.921276 -0.085050 0.426980 -0.286628 0.009327 
0.249022 0.936341 0.007234 0.957536 -0.207709 0.086583 
0.211669 0.947171 0.044088 0.963892 -0.239240 0.085950 
0.146074 0.967356 0.177199 0.983681 -0.122566 -0.077287 
0.140779 0.967206 0.182861 0.983179 -0.161677 0.073722 
0.844792 -0.530286 -0.071365 0.486661 0.751974 0.140783 
0.597104 0.582382 0.055396 -0.748646 0.642387 0.109741 
0.058501 0.978935 0.143687 0.240327 -0.139146 -0.036620 
0.237088 0.957429 0.164518 0.785786 -0.161228 -0.218695 
0.148775 0.955178 0.243080 -0.780810 0.021331 0.511865 
0.215520 0.966243 0.133330 0.394552 -0.081518 -0.342152 
0.114112 0.921938 0.328179 -0.629313 -0.188688 0.753838 
-0.061806 0.941327 0.123176 -0.062449 -0.233909 0.909233 
0.220180 0.964347 -0.052847 -0.288224 -0.016428 0.543092 
0.419952 0.902178 -0.085318 -0.074698 0.117278 0.332977 
0.330188 0.941704 -0.058548 0.018965 0.036751 0.899962 
-0.064843 0.893945 0.153201 0.315438 -0.204013 0.914412 
-0.042537 0.814224 0.302101 0.655530 -0.074819 0.707586 
-0.211271 0.955074 0.207336 0.320249 -0.004484 0.406689 
-0.145522 0.937739 0.300309 0.811258 -0.063492 0.580183 
0.009098 0.962761 0.259312 0.835007 -0.085043 0.395632 
-0.028955 0.973432 0.224472 0.943296 0.013699 0.110611 
-0.352200 0.929938 -0.086671 0.275896 0.046872 0.050845 
0.451151 0.880775 0.073897 0.803559 -0.443899 0.396484 
0.161977 0.967919 0.169854 0.768203 -0.189274 0.517849 
0.469388 0.871322 0.076984 0.678120 -0.442931 0.546965 
0.826881 0.048073 0.536988 0.136436 0.726487 -0.075723 
0.054321 0.891605 0.187927 0.606024 -0.351821 0.574314 
0.448391 0.813368 0.235386 0.244422 -0.495799 0.702632 
-0.325215 0.927811 -0.132165 0.892446 0.328553 -0.148531 
-0.169379 0.980064 0.100982 -0.587708 -0.083733 0.020211 
-0.357642 0.681845 0.341198 0.419395 0.659055 0.097176 
-0.441539 0.887970 -0.023923 0.425207 0.310615 -0.368007 
0.031737 0.964390 0.262352 0.976946 -0.020143 -0.052589 
0.062348 0.976900 0.196749 -0.460033 -0.037329 0.082422 
-0.071452 0.981861 0.174586 -0.680266 -0.070707 0.039686 
-0.111871 0.954106 0.262134 -0.558492 0.021956 -0.027588 
-0.263595 0.817711 0.363569 -0.495272 0.197745 0.033412 
0.882738 0.455868 -0.112400 0.245783 -0.431841 0.039997 
0.632696 0.372854 0.335887 0.627434 -0.252930 0.288606 
-0.236355 0.956647 -0.149145 0.733339 0.247692 0.081540 
-0.248783 0.956190 0.151361 -0.671681 -0.213595 0.106514 
-0.218462 0.973348 0.004182 0.891130 0.183262 -0.328503 
-0.165413 0.981769 -0.067161 0.714231 0.054547 -0.568217 
-0.230509 0.890239 0.310059 -0.602138 -0.107364 0.394290 
0.058397 0.968523 0.238515 -0.765499 -0.081165 0.437524 
0.089293 0.960739 0.262495 -0.706273 -0.106974 0.642544 
0.116397 0.966218 0.227938 -0.606093 -0.091949 0.737090 
-0.125381 0.991489 0.019610 0.576406 0.100621 -0.609689 
0.164440 0.956652 0.225980 -0.505799 -0.097642 0.841125 
-0.250800 0.964726 -0.056898 0.108865 0.059401 -0.379439 
-0.246551 0.942841 -0.141430 0.582994 -0.036744 -0.626333 
0.366070 0.926952 -0.082115 -0.039696 0.089145 0.806475 
0.065798 0.902012 0.374805 -0.470111 -0.335398 0.799301 
0.225663 0.960072 -0.163539 -0.120321 0.193917 0.973578 
0.298721 0.917559 -0.244606 0.184503 0.167803 0.941992 
0.431872 0.166328 0.713271 0.317198 0.892028 -0.254854 
0.448693 0.877995 -0.127315 0.139351 0.102154 0.458440 
0.817702 -0.010252 0.558449 0.263480 0.863207 -0.290729 
0.884263 -0.056830 0.463244 0.169657 0.712586 -0.214207 
0.944766 0.191244 0.236983 -0.113657 0.909468 -0.364724 
0.872939 0.225121 -0.123539 -0.307310 0.895858 -0.313852 
-0.257601 0.892051 -0.347597 0.774388 0.022965 -0.307298 
-0.283822 0.745925 -0.486489 0.876624 0.001578 -0.184192 
0.798672 0.189717 0.316554 0.198411 -0.698440 0.545861 
0.904098 -0.244879 0.230805 -0.092812 -0.702648 0.329744 
-0.362474 0.880026 -0.190608 0.699722 0.052199 -0.245913 
0.911926 -0.172013 -0.257802 -0.224177 -0.721377 0.297462 
-0.048064 0.933078 0.343149 -0.394463 -0.345503 0.825034 
-0.110166 0.935692 0.333061 -0.630857 -0.323986 0.704522 
-0.154616 0.943238 0.292977 -0.779199 -0.281072 0.468912 
0.230792 0.960509 0.150397 0.849599 -0.187016 -0.223975 
0.199984 0.966636 0.151696 0.855684 -0.164534 -0.226245 
0.236210 0.938900 0.245423 0.966706 -0.206246 -0.147937 
0.950056 -0.196136 -0.046411 0.304264 0.736234 0.213169 
0.667600 0.604192 0.142871 -0.135655 -0.428322 -0.106083 
0.225289 0.963880 0.113475 0.958857 -0.242602 0.053587 
0.649992 -0.727468 -0.074489 0.589623 0.635669 0.201724 
0.142626 0.965640 0.217126 0.989137 -0.140579 -0.025702 
-0.566713 0.747873 -0.000474 0.708479 0.655866 0.040675 
0.191570 0.964398 0.155406 0.853146 -0.207330 -0.056620 
0.196017 0.958726 0.204931 0.551778 -0.088122 -0.032211 
0.117819 0.935084 0.298186 0.778957 -0.043787 0.138575 
-0.504065 0.819949 0.250494 0.813763 0.537471 -0.030700 
0.041455 0.939205 0.218660 0.566385 0.171475 0.110841 
-0.264922 0.838468 0.136510 0.936039 0.308786 0.153602 
-0.083284 0.958358 0.130635 0.739120 0.119618 0.463638 
-0.166669 0.948111 -0.010871 0.685284 0.274055 0.428725 
-0.104022 0.988358 0.108085 0.622183 -0.006956 0.729303 
-0.144637 0.966963 -0.146429 0.628708 0.241197 0.684258 
-0.158673 0.963724 -0.205354 0.044362 0.090127 0.087725 
-0.135070 0.938060 -0.293184 -0.135970 -0.222250 -0.247863 
-0.279921 0.941513 -0.156549 0.456802 0.287622 0.833028 
-0.229606 0.967300 -0.017053 0.596661 0.186992 0.721784 
-0.213762 0.968099 -0.129793 0.082709 0.091278 0.636318 
-0.195431 0.962746 -0.185708 0.161916 0.088182 0.388751 
-0.130212 0.967575 -0.170604 -0.066565 0.073805 -0.276758 
-0.105031 0.970761 -0.152385 -0.036839 0.068077 -0.438958 
-0.462764 0.815617 -0.257987 0.678952 0.398055 0.434898 
-0.150301 0.952801 -0.213439 0.092288 -0.121716 0.105237 
-0.357348 0.808680 -0.450315 0.559775 0.578465 0.511185 
-0.091524 0.937767 -0.323322 -0.142618 -0.175004 -0.209349 
-0.059088 0.930518 -0.358938 -0.101457 -0.254329 -0.549058 
-0.025136 0.927588 -0.372639 0.302578 -0.319360 -0.805297 
-0.045002 0.907147 -0.418400 0.195747 -0.184040 -0.418200 
-0.219711 0.963107 -0.050050 0.182024 0.115443 -0.668893 
-0.263782 0.941976 0.080997 0.216795 0.250073 -0.694466 
-0.342429 0.938409 -0.001540 0.536253 0.213578 -0.718537 
-0.413394 0.900348 0.130211 0.543640 0.362079 -0.674531 
-0.446100 0.889288 0.069674 0.571067 0.365656 -0.647886 
0.073075 0.924193 -0.327095 -0.697440 0.309689 0.623026 
-0.020985 0.910151 -0.299312 0.749161 -0.259513 -0.458571 
-0.038407 0.920118 -0.274325 0.693449 -0.256151 -0.489960 
-0.410697 0.906149 0.076520 0.696056 0.376878 -0.590197 
-0.442205 0.877580 0.180201 0.703944 0.467531 -0.522876 
0.186517 0.924065 -0.218307 0.642659 -0.370990 -0.397216 
0.147324 0.883667 -0.290936 0.685142 -0.414002 -0.344093 
0.250139 0.942109 -0.150344 0.717381 -0.334477 -0.360375 
-0.323494 0.938359 -0.000294 0.817060 0.269560 -0.501259 
-0.341044 0.918264 -0.070273 0.853905 0.274739 -0.439950 
-0.375267 0.919596 -0.020080 0.773234 0.254329 -0.399771 
-0.023586 0.917713 -0.385099 -0.220607 0.123188 0.070070 
0.936463 0.246465 -0.222145 -0.241765 0.934209 -0.105648 
-0.107858 0.982785 -0.083492 0.881103 0.119916 -0.273759 
-0.112495 0.980206 -0.090318 0.929852 0.063099 -0.353593 
0.918611 -0.216512 -0.326919 0.257215 0.962669 0.082863 
0.003675 0.996302 -0.057947 0.806809 -0.051127 -0.240902 
0.015194 0.999343 -0.021456 0.847112 -0.030275 -0.308977 
0.054559 0.998441 0.004321 0.898005 -0.051110 -0.310492 
0.519892 0.753128 -0.207783 0.641979 -0.654555 -0.153176 
0.938913 -0.343607 0.016071 -0.229830 -0.640818 0.201443 
-0.599714 0.777902 -0.172150 0.749426 0.500315 -0.178546 
0.815422 0.425012 -0.097191 -0.365818 0.903824 0.015601 
0.054111 0.998517 -0.005154 0.869334 -0.049342 -0.153808 
0.046557 0.998649 -0.019258 0.842655 -0.037022 -0.208911 
0.945667 -0.251816 -0.178800 0.270954 0.953764 0.119293 
0.053138 0.998448 -0.015133 0.823518 -0.040676 -0.051432 
0.562798 0.819668 0.098913 0.801422 -0.530342 -0.054912 
0.559927 0.814426 0.020568 0.754488 -0.577048 0.063316 
0.932934 0.134374 0.085536 -0.101624 0.988157 -0.012513 
0.929998 0.101702 0.049042 -0.080206 0.993486 -0.040838 
0.937498 0.035003 0.058257 -0.052841 0.971949 -0.214007 
0.412221 0.695841 -0.395732 0.763429 -0.581731 0.070881 
0.924132 -0.039369 0.373596 0.089254 0.867397 -0.211714 
0.963395 0.253938 -0.034287 -0.267771 0.926981 -0.104381 
0.921408 -0.210301 -0.322606 0.330827 0.792084 0.371491 
0.798616 0.287702 0.295987 -0.290080 0.919209 -0.249296 
-0.051649 0.773071 0.148364 0.911523 0.282147 0.060714 
0.967547 -0.100198 -0.085895 0.205751 0.758354 0.491720 
-0.068524 0.746913 0.262419 0.710899 0.459089 0.092712 
0.436917 0.678172 0.437092 0.874146 -0.454518 -0.013378 
0.431905 0.875575 0.198192 0.857453 -0.415006 0.091937 
-0.105336 0.969349 -0.201748 0.504989 0.105422 -0.144458 
-0.164289 0.958144 -0.214642 0.699090 0.180135 -0.034715 
0.809841 0.541025 0.077640 -0.503407 0.837437 -0.136438 
0.947363 0.134675 0.173893 -0.107540 0.984162 -0.137980 
-0.159477 0.922833 -0.347326 0.855833 0.191091 0.176641 
0.833978 0.518381 0.168092 -0.438390 0.820099 -0.366920 
0.710667 0.587138 0.358371 -0.327873 0.763786 -0.509126 
-0.342956 0.773044 -0.509538 0.524757 0.523664 0.247047 
-0.203173 0.726555 -0.654362 0.467890 0.591265 0.540570 
0.262905 0.958252 -0.102375 0.385549 -0.040517 0.810150 
0.172322 0.971012 -0.163627 0.138962 0.141254 0.941642 
0.199044 0.963348 -0.179788 0.116746 0.154808 0.953193 
0.710950 0.012058 0.649084 0.249819 0.908702 -0.170728 
0.887364 -0.060236 0.457043 0.145840 0.787598 -0.168948 
0.923266 0.152878 0.348871 -0.085855 0.973274 -0.206666 
0.937880 -0.050955 0.315189 0.053400 0.959182 -0.113105 
0.126770 0.976978 -0.160140 0.155074 0.150756 0.937316 
-0.030372 0.951953 -0.272600 0.431023 0.285452 0.709577 
0.587864 -0.021724 0.489460 -0.008523 0.926290 -0.280039 
-0.188405 0.903486 -0.384989 0.492512 0.155833 0.123406 
0.581419 0.090267 0.518212 -0.141918 0.908916 -0.300605 
-0.166520 0.915989 -0.258218 0.259533 0.364824 0.850260 
-0.193778 0.898989 -0.392711 0.061647 0.000849 -0.011131 
-0.153478 0.930867 -0.326007 -0.334590 0.084343 0.229695 
0.950069 -0.171482 0.088972 -0.289206 -0.225545 0.108862 
0.380844 -0.023422 -0.311178 -0.683736 0.136123 0.523377 
0.012600 -0.141497 0.039106 -0.174827 0.942556 -0.243925 
0.448455 -0.082742 0.168505 -0.089256 0.938610 -0.275301 
0.574507 0.154774 0.586233 0.380715 0.073085 0.390680 
-0.162667 0.961023 -0.208298 0.199683 0.239801 0.700278 
0.049034 0.889582 -0.451275 0.706388 0.249586 0.522901 
0.704144 0.036665 0.596197 0.262956 -0.140707 0.284729 
0.864296 0.293778 0.197108 -0.024792 0.792705 -0.530779 
0.934010 0.131412 0.315109 0.074576 0.664895 -0.266799 
0.988672 0.135276 -0.047009 -0.123050 0.805730 -0.517758 
0.868023 -0.037906 -0.363232 -0.189700 0.874396 -0.428711 
0.997266 0.057957 -0.012585 -0.047144 0.862619 -0.462388 
-0.063397 0.887117 -0.457074 0.556349 -0.249701 -0.573033 
0.849386 -0.115270 -0.356626 -0.100161 0.900606 -0.405925 
-0.151011 0.438537 0.307047 -0.345542 0.478902 0.601671 
0.404736 0.650117 0.316514 -0.720153 0.394478 0.521373 
0.976872 0.099276 -0.017798 -0.209836 0.545194 0.079992 
0.909841 0.050007 0.402271 0.095574 0.925777 -0.279125 
0.928345 -0.105649 0.163102 -0.188243 0.692999 0.331135 
0.554862 -0.268278 0.356849 -0.380621 0.749609 0.114013 
0.897092 0.017393 -0.234679 -0.314476 0.304259 0.212643 
0.314617 0.414824 -0.112962 -0.553509 0.252231 0.771830 
0.787815 0.396317 0.048090 -0.522942 0.467477 0.572387 
0.951952 0.048092 0.237305 -0.071989 0.706710 0.520195 
0.446607 0.018629 0.150214 -0.229780 0.927912 -0.257670 
0.890976 -0.248290 0.116026 0.151852 0.481396 0.808447 
0.282717 0.201846 0.936409 0.128178 -0.276906 0.071370 
-0.117311 0.880121 -0.430174 -0.160969 0.440095 0.834814 
0.631880 -0.457110 -0.021646 -0.033531 0.077949 0.988517 
0.706368 -0.398385 -0.146449 -0.339312 0.062257 0.683263 
-0.015968 0.882985 -0.468835 -0.507295 0.352790 0.694752 
-0.048893 -0.334252 0.870299 -0.223087 0.920250 0.315578 
-0.101266 0.926173 -0.263624 0.016915 0.296387 0.950799 
-0.003496 0.959020 -0.235613 0.189555 0.265803 0.911129 
0.022473 0.963959 -0.207059 -0.118193 0.209869 0.970527 
-0.048980 0.873816 -0.483367 -0.380558 0.375741 0.698034 
0.027463 0.806135 -0.552191 -0.374536 0.553922 0.721755 
-0.024645 0.997666 -0.028821 -0.309320 0.001071 0.900976 
-0.036459 0.944416 0.311830 -0.323824 -0.320212 0.860345 
0.153185 0.971858 -0.172603 -0.089034 0.189450 0.977076 
0.176131 0.968965 -0.171398 -0.119040 0.194125 0.973683 
0.763537 -0.248051 -0.334153 -0.431199 0.122544 0.208308 
0.062991 0.869765 -0.433514 -0.771168 0.213222 0.494033 
-0.192592 0.925659 -0.321131 0.574595 -0.154402 -0.734622 
-0.132434 0.942516 -0.283096 -0.468971 0.212899 0.803507 
0.012293 0.975144 -0.217638 -0.422485 0.174716 0.821255 
0.111287 0.969424 -0.143534 -0.427435 0.112766 0.827683 
-0.151691 0.940853 0.302702 -0.469070 -0.332061 0.803493 
0.895267 -0.149639 0.089936 -0.409258 -0.285763 0.551183 
0.139659 0.861232 -0.330967 0.864219 -0.053993 -0.247793 
-0.355609 0.767202 -0.518565 0.884277 0.093728 -0.428847 
-0.322054 0.853236 -0.408954 0.648785 -0.018732 -0.587826 
-0.337806 0.851550 -0.333824 0.639415 -0.098396 -0.705421 
-0.188570 0.966999 -0.163178 0.453619 -0.022823 -0.790775 
0.052367 0.972575 -0.123297 0.436010 -0.038467 -0.787464 
0.101474 0.965576 -0.047241 0.553971 -0.002099 -0.740842 
-0.161360 0.940677 0.297445 -0.580679 -0.333221 0.741894 
0.080846 0.969330 0.117868 0.790043 0.053932 -0.555623 
0.198150 0.965595 0.163862 0.880800 -0.164033 -0.193413 
0.116014 0.953730 0.059592 0.820297 -0.016811 -0.545143 
0.052100 0.956984 -0.024132 0.579169 0.048132 -0.743369 
-0.015189 0.964265 0.017805 0.820231 0.035294 -0.569296 
-0.050309 0.969145 0.029793 0.937329 -0.007708 -0.234798 
-0.040450 0.979826 -0.112686 0.525685 -0.003489 -0.760450 
-0.203105 0.958822 -0.198455 0.635631 -0.016073 -0.721363 
-0.099119 0.980617 -0.082977 0.787972 0.041134 -0.608247 
-0.440374 0.738991 -0.459728 0.648920 -0.077916 -0.457785 
0.563630 0.334702 0.501741 0.069448 -0.248757 0.759513 
-0.191798 0.749268 -0.190075 0.625759 -0.040930 0.636365 
-0.185128 0.818074 -0.206605 0.855176 0.118600 0.412374 
0.960332 0.078284 0.195513 -0.197240 -0.334599 0.282929 
-0.001433 0.860307 -0.195141 0.991891 0.065037 0.061168 
-0.048944 0.929237 -0.222277 0.986338 0.002399 0.008261 
0.108613 -0.704665 0.678318 0.712128 0.444919 0.433730 
-0.067377 0.542566 -0.731871 0.840643 0.018803 -0.310033 
0.161690 0.753833 -0.630817 0.695867 0.052563 0.329427 
-0.141706 -0.749533 0.165175 -0.474891 0.585187 -0.162502 
0.147883 0.786519 -0.584829 0.912293 -0.109803 0.164156 
-0.299297 0.321688 -0.796899 0.888358 0.054264 -0.412635 
0.267792 -0.365160 0.816544 0.863225 0.167257 -0.349976 
-0.008151 -0.427778 0.879029 0.810620 0.469838 0.162064 
0.031137 -0.483219 0.819049 0.862815 0.298636 -0.009809 
-0.314999 0.315507 -0.689206 0.931066 0.186379 -0.311771 
-0.396358 0.541000 -0.598791 0.892291 0.049663 -0.305396 
-0.446663 0.671364 -0.509189 0.746661 -0.051133 -0.418353 
0.061005 -0.617147 0.784160 0.709392 0.383834 0.231354 
0.351595 -0.697903 0.547346 -0.442959 0.152257 -0.004830 
0.154172 -0.769101 0.618414 0.663218 0.291318 0.246658 
-0.348724 0.843212 -0.257677 -0.879664 -0.210742 -0.024109 
0.006833 0.960438 -0.272086 0.589324 0.137346 0.343914 
0.258993 0.952980 0.143579 0.755083 -0.253387 0.482842 
-0.642712 0.709320 0.186315 0.699421 0.691176 -0.178779 
-0.510449 0.714720 -0.051499 0.669642 0.678489 0.072587 
-0.024769 0.984611 -0.172706 0.856813 0.034289 0.101824 
0.254596 0.956938 0.101797 0.947553 -0.275057 0.142941 
-0.088087 0.947479 -0.294240 0.735081 0.170077 0.132883 
-0.047821 0.772183 -0.538225 0.995303 0.086700 0.009920 
-0.284022 0.575501 -0.683043 0.878460 0.397149 -0.144475 
-0.187285 0.778412 -0.502288 0.869529 -0.140287 -0.307337 
-0.252268 0.910636 -0.300158 0.831377 0.045374 -0.553585 
-0.168401 0.966642 -0.192760 0.913736 0.110256 -0.229990 
-0.044418 0.926220 -0.349431 0.978563 0.032626 -0.104879 
0.203953 0.947813 0.241598 0.965007 -0.223362 0.080530 
0.211152 0.954198 0.211617 0.882757 -0.273789 0.344547 
0.355304 -0.606636 0.158656 0.538201 0.754517 0.107927 
0.212282 0.959855 0.182409 0.960918 -0.221264 0.029431 
-0.563591 0.645244 -0.120202 0.719028 0.677763 -0.122226 
-0.593093 0.753927 0.265292 0.717303 0.647438 -0.253292 
-0.531968 0.753776 0.384561 0.748985 0.630906 -0.201816 
-0.218074 0.905197 0.026362 0.898845 0.321357 -0.163875 
-0.080438 0.952816 0.008590 0.764766 0.204289 -0.421231 
-0.425294 0.822703 -0.096734 0.875073 0.406855 0.209047 
-0.466658 0.737878 0.466029 0.576149 0.666649 -0.401852 
-0.062269 0.965558 -0.070241 0.540241 0.158610 -0.519392 
-0.170901 0.855819 -0.382421 0.516754 0.086679 -0.551860 
0.389467 -0.629602 0.653432 0.538203 -0.136046 -0.592877 
0.301791 -0.637372 0.706755 0.526378 -0.416863 -0.562211 
-0.433668 0.471483 -0.647973 0.597693 -0.476852 -0.459848 
-0.240274 0.722934 -0.599398 0.617996 -0.395612 -0.579594 
-0.025097 0.889193 -0.440474 0.464805 -0.118702 -0.469979 
-0.296499 0.673647 -0.620478 0.526296 -0.367500 -0.353617 
-0.395676 0.390979 -0.663998 0.744694 -0.384899 -0.366855 
-0.261479 0.374168 -0.745863 0.926038 -0.148954 -0.329969 
0.390896 -0.684346 0.572607 0.852983 0.138794 -0.478165 
0.462008 -0.510218 0.725334 0.825863 0.027779 -0.502734 
-0.201234 0.945231 -0.175073 0.707197 0.184871 -0.404967 
-0.317334 0.807787 -0.352896 0.617905 0.312867 -0.420290 
-0.328450 0.884429 -0.183099 0.903751 0.361645 -0.143598 
-0.444542 0.765763 -0.320897 0.799778 0.510443 -0.169290 
-0.474639 0.774313 -0.361533 0.773837 0.518871 0.249384 
-0.259208 0.774928 -0.575541 0.684878 0.424730 0.292399 
0.505338 -0.673338 0.463615 0.696164 0.541692 -0.220221 
0.452035 -0.616872 0.636778 0.632355 0.381792 -0.179264 
0.455198 -0.486727 0.744427 0.853667 0.260138 -0.335078 
-0.273374 0.632166 -0.698419 0.766887 -0.149106 -0.279697 
0.287053 -0.565315 0.767839 0.953102 0.128152 -0.247961 
0.259971 -0.557768 0.780361 0.887845 0.398027 -0.043572 
0.450980 -0.490644 0.745289 0.758869 0.558922 -0.100113 
0.401726 -0.516676 0.754100 0.523020 0.426562 0.066961 
-0.072216 0.863035 -0.481805 0.655120 0.418905 0.600806 
0.971991 -0.130355 -0.150597 -0.093107 0.550107 -0.655162 
-0.027412 0.896668 -0.420265 0.554980 -0.101157 -0.471962 
0.863861 -0.285785 -0.198939 -0.304938 0.354428 -0.501918 
-0.087506 0.880484 -0.407599 0.563126 0.048989 -0.411127 
0.293581 -0.683521 0.665160 0.955147 0.219884 -0.197455 
-0.283883 0.838895 -0.429546 0.840957 0.290883 -0.162834 
0.704442 -0.114720 0.573640 -0.698019 -0.088841 0.459949 
0.652307 0.030109 0.667371 -0.494996 -0.201789 0.040002 
-0.128450 0.900414 -0.411391 0.836519 0.322812 0.442215 
-0.225310 0.769450 -0.587591 0.913710 0.320911 0.111318 
-0.211789 0.692598 -0.670861 0.613077 0.246347 0.230490 
-0.122933 0.873734 -0.462428 0.798283 0.357078 0.477998 
-0.142732 0.917356 -0.371286 0.552423 0.370406 0.691225 
-0.077011 0.897619 -0.423014 0.636204 0.378415 0.665952 
-0.102248 0.913571 -0.389257 0.436682 0.382698 0.729106 
-0.080899 0.930129 -0.351862 -0.132841 -0.247068 -0.462034 
-0.139848 0.917513 -0.371875 0.483125 0.369095 0.712039 
0.556218 0.328663 0.761328 -0.016970 0.016785 -0.066400 
0.264406 0.517433 0.750422 0.006476 0.055886 0.351449 
-0.103573 0.922815 -0.361032 -0.032895 -0.311034 -0.613511 
-0.064454 0.885052 -0.460967 0.157926 -0.221744 -0.459220 
0.325558 0.865142 -0.230548 0.363562 -0.032956 0.859955 
-0.742454 0.643169 0.028771 -0.084549 -0.010399 0.893070 
-0.722485 0.680038 0.011422 0.263220 0.161952 0.757824 
-0.709694 0.680720 0.100830 0.102523 0.236816 0.423149 
-0.696544 0.699366 0.099232 0.129518 0.212802 0.478311 
0.976814 -0.153298 0.148700 0.000921 0.629894 0.592930 
0.900579 -0.341421 0.127086 -0.159871 0.304424 0.594710 
-0.701145 0.704229 0.032962 0.015651 0.087831 0.711422 
0.787918 -0.512084 -0.106243 -0.131230 -0.147042 0.903071 
0.576788 0.746331 -0.331835 0.594284 -0.126566 0.758173 
0.594330 0.711692 -0.369964 0.409412 0.132607 0.884195 
0.583755 0.431080 -0.595391 0.487485 0.444603 0.745591 
0.821566 0.122951 -0.553969 -0.479934 0.594631 -0.545597 
0.803889 0.013620 -0.571663 -0.487493 0.274485 -0.486998 
-0.000903 -0.267996 0.953719 -0.269155 -0.077749 0.114187 
-0.110481 -0.216491 0.948589 0.971999 -0.224347 0.052030 
0.646973 0.168130 -0.737062 0.750880 -0.289731 0.571317 
0.830860 0.114702 -0.541771 -0.375207 0.207977 -0.452360 
0.814969 0.094096 -0.565133 -0.478849 0.490221 -0.532254 
